0.050000	0.000083
0.100000	0.000256
0.150000	0.000431
0.200000	0.000628
0.250000	0.000853
0.300000	0.001012
0.350000	0.001141
0.400000	0.001277
0.450000	0.001380
0.500000	0.001475
0.550000	0.001572
0.600000	0.001633
0.650000	0.001679
0.700000	0.001723
0.750000	0.001745
0.800000	0.001760
0.850000	0.001773
0.900000	0.001763
0.950000	0.001746
1.000000	0.001727
1.050000	0.001694
1.100000	0.001660
1.150000	0.001625
1.200000	0.001578
1.250000	0.001530
1.300000	0.001483
1.350000	0.001431
1.400000	0.001382
1.450000	0.001337
1.500000	0.001288
1.550000	0.001243
1.600000	0.001203
1.650000	0.001165
1.700000	0.001134
1.750000	0.001110
1.800000	0.001088
1.850000	0.001074
1.900000	0.001067
1.950000	0.001066
2.000000	0.001074
2.050000	0.001090
2.100000	0.001111
2.150000	0.001141
2.200000	0.001178
2.250000	0.001221
2.300000	0.001272
2.350000	0.001330
2.400000	0.001393
2.450000	0.001462
2.500000	0.001536
2.550000	0.001614
2.600000	0.001698
2.650000	0.001784
2.700000	0.001873
2.750000	0.001965
2.800000	0.002058
2.850000	0.002152
2.900000	0.002246
2.950000	0.002337
3.000000	0.002426
3.050000	0.002512
3.100000	0.002594
3.150000	0.002671
3.200000	0.002742
3.250000	0.002806
3.300000	0.002863
3.350000	0.002913
3.400000	0.002954
3.450000	0.002987
3.500000	0.003010
3.550000	0.003024
3.600000	0.003029
3.650000	0.003024
3.700000	0.003010
3.750000	0.002987
3.800000	0.002955
3.850000	0.002914
3.900000	0.002865
3.950000	0.002808
4.000000	0.002744
4.050000	0.002674
4.100000	0.002599
4.150000	0.002519
4.200000	0.002435
4.250000	0.002348
4.300000	0.002259
4.350000	0.002170
4.400000	0.002080
4.450000	0.001992
4.500000	0.001906
4.550000	0.001823
4.600000	0.001744
4.650000	0.001670
4.700000	0.001602
4.750000	0.001540
4.800000	0.001486
4.850000	0.001439
4.900000	0.001401
4.950000	0.001371
5.000000	0.001350
5.050000	0.001337
5.100000	0.001333
5.150000	0.001337
5.200000	0.001348
5.250000	0.001368
5.300000	0.001395
5.350000	0.001430
5.400000	0.001472
5.450000	0.001521
5.500000	0.001579
5.550000	0.001643
5.600000	0.001714
5.650000	0.001790
5.700000	0.001870
5.750000	0.001953
5.800000	0.002038
5.850000	0.002124
5.900000	0.002210
5.950000	0.002294
6.000000	0.002378
6.050000	0.002461
6.100000	0.002541
6.150000	0.002618
6.200000	0.002690
6.250000	0.002758
6.300000	0.002819
6.350000	0.002873
6.400000	0.002919
6.450000	0.002958
6.500000	0.002989
6.550000	0.003013
6.600000	0.003028
6.650000	0.003034
6.700000	0.003032
6.750000	0.003021
6.800000	0.003000
6.850000	0.002971
6.900000	0.002934
6.950000	0.002890
7.000000	0.002838
7.050000	0.002779
7.100000	0.002714
7.150000	0.002644
7.200000	0.002568
7.250000	0.002488
7.300000	0.002404
7.350000	0.002318
7.400000	0.002230
7.450000	0.002142
7.500000	0.002053
7.550000	0.001966
7.600000	0.001880
7.650000	0.001796
7.700000	0.001716
7.750000	0.001641
7.800000	0.001570
7.850000	0.001505
7.900000	0.001446
7.950000	0.001395
8.000000	0.001350
8.050000	0.001314
8.100000	0.001286
8.150000	0.001266
8.200000	0.001255
8.250000	0.001253
8.300000	0.001260
8.350000	0.001276
8.400000	0.001300
8.450000	0.001333
8.500000	0.001373
8.550000	0.001421
8.600000	0.001477
8.650000	0.001539
8.700000	0.001607
8.750000	0.001680
8.800000	0.001758
8.850000	0.001840
8.900000	0.001925
8.950000	0.002012
9.000000	0.002100
9.050000	0.002188
9.100000	0.002276
9.150000	0.002363
9.200000	0.002447
9.250000	0.002529
9.300000	0.002606
9.350000	0.002679
9.400000	0.002746
9.450000	0.002807
9.500000	0.002862
9.550000	0.002909
9.600000	0.002949
9.650000	0.002980
9.700000	0.003003
9.750000	0.003018
9.800000	0.003023
9.850000	0.003020
9.900000	0.003008
9.950000	0.002987
10.000000	0.002958
10.050000	0.002920
10.100000	0.002875
10.150000	0.002822
10.200000	0.002762
10.250000	0.002696
10.300000	0.002625
10.350000	0.002548
10.400000	0.002467
10.450000	0.002383
10.500000	0.002297
10.550000	0.002208
10.600000	0.002119
10.650000	0.002030
10.700000	0.001942
10.750000	0.001856
10.800000	0.001772
10.850000	0.001692
10.900000	0.001617
10.950000	0.001546
11.000000	0.001481
11.050000	0.001423
11.100000	0.001372
11.150000	0.001328
11.200000	0.001292
11.250000	0.001264
11.300000	0.001245
11.350000	0.001234
11.400000	0.001233
11.450000	0.001240
11.500000	0.001256
11.550000	0.001280
11.600000	0.001313
11.650000	0.001354
11.700000	0.001403
11.750000	0.001458
11.800000	0.001521
11.850000	0.001589
11.900000	0.001662
11.950000	0.001740
12.000000	0.001821
12.050000	0.001906
12.100000	0.001992
12.150000	0.002080
12.200000	0.002168
12.250000	0.002255
12.300000	0.002341
12.350000	0.002425
12.400000	0.002505
12.450000	0.002582
12.500000	0.002653
12.550000	0.002720
12.600000	0.002780
12.650000	0.002833
12.700000	0.002880
12.750000	0.002918
12.800000	0.002949
12.850000	0.002971
12.900000	0.002984
12.950000	0.002989
13.000000	0.002985
13.050000	0.002972
13.100000	0.002950
13.150000	0.002920
13.200000	0.002882
13.250000	0.002837
13.300000	0.002784
13.350000	0.002724
13.400000	0.002658
13.450000	0.002587
13.500000	0.002511
13.550000	0.002431
13.600000	0.002348
13.650000	0.002262
13.700000	0.002175
13.750000	0.002088
13.800000	0.002000
13.850000	0.001914
13.900000	0.001830
13.950000	0.001749
14.000000	0.001671
14.050000	0.001598
14.100000	0.001530
14.150000	0.001468
14.200000	0.001412
14.250000	0.001364
14.300000	0.001323
14.350000	0.001290
14.400000	0.001265
14.450000	0.001249
14.500000	0.001242
14.550000	0.001243
14.600000	0.001253
14.650000	0.001272
14.700000	0.001300
14.750000	0.001335
14.800000	0.001379
14.850000	0.001430
14.900000	0.001488
14.950000	0.001552
15.000000	0.001623
15.050000	0.001698
15.100000	0.001777
15.150000	0.001860
15.200000	0.001946
15.250000	0.002033
15.300000	0.002122
15.350000	0.002210
15.400000	0.002298
15.450000	0.002384
15.500000	0.002468
15.550000	0.002548
15.600000	0.002624
15.650000	0.002695
15.700000	0.002760
15.750000	0.002819
15.800000	0.002871
15.850000	0.002916
15.900000	0.002953
15.950000	0.002982
16.000000	0.003002
16.050000	0.003013
16.100000	0.003016
16.150000	0.003009
16.200000	0.002994
16.250000	0.002971
16.300000	0.002938
16.350000	0.002898
16.400000	0.002850
16.450000	0.002795
16.500000	0.002733
16.550000	0.002665
16.600000	0.002591
16.650000	0.002513
16.700000	0.002431
16.750000	0.002346
16.800000	0.002259
16.850000	0.002170
16.900000	0.002081
16.950000	0.001992
17.000000	0.001905
17.050000	0.001819
17.100000	0.001737
17.150000	0.001658
17.200000	0.001584
17.250000	0.001516
17.300000	0.001453
17.350000	0.001397
17.400000	0.001348
17.450000	0.001307
17.500000	0.001274
17.550000	0.001249
17.600000	0.001233
17.650000	0.001225
17.700000	0.001227
17.750000	0.001237
17.800000	0.001256
17.850000	0.001284
17.900000	0.001319
17.950000	0.001363
18.000000	0.001414
18.050000	0.001472
18.100000	0.001536
18.150000	0.001606
18.200000	0.001681
18.250000	0.001761
18.300000	0.001843
18.350000	0.001929
18.400000	0.002016
18.450000	0.002104
18.500000	0.002192
18.550000	0.002279
18.600000	0.002364
18.650000	0.002447
18.700000	0.002526
18.750000	0.002601
18.800000	0.002671
18.850000	0.002735
18.900000	0.002793
18.950000	0.002845
19.000000	0.002888
19.050000	0.002924
19.100000	0.002952
19.150000	0.002971
19.200000	0.002982
19.250000	0.002983
19.300000	0.002976
19.350000	0.002961
19.400000	0.002936
19.450000	0.002904
19.500000	0.002863
19.550000	0.002815
19.600000	0.002759
19.650000	0.002698
19.700000	0.002630
19.750000	0.002557
19.800000	0.002479
19.850000	0.002398
19.900000	0.002314
19.950000	0.002228
20.000000	0.002140
20.050000	0.002053
20.100000	0.001966
20.150000	0.001880
20.200000	0.001796
20.250000	0.001716
20.300000	0.001640
20.350000	0.001568
20.400000	0.001502
20.450000	0.001442
20.500000	0.001389
20.550000	0.001343
20.600000	0.001304
20.650000	0.001274
20.700000	0.001252
20.750000	0.001239
20.800000	0.001234
20.850000	0.001238
20.900000	0.001251
20.950000	0.001273
21.000000	0.001303
21.050000	0.001342
21.100000	0.001388
21.150000	0.001441
21.200000	0.001501
21.250000	0.001568
21.300000	0.001639
21.350000	0.001716
21.400000	0.001797
21.450000	0.001881
21.500000	0.001967
21.550000	0.002055
21.600000	0.002144
21.650000	0.002232
21.700000	0.002319
21.750000	0.002404
21.800000	0.002487
21.850000	0.002566
21.900000	0.002640
21.950000	0.002709
22.000000	0.002772
22.050000	0.002829
22.100000	0.002879
22.150000	0.002921
22.200000	0.002955
22.250000	0.002981
22.300000	0.002999
22.350000	0.003007
22.400000	0.003007
22.450000	0.002998
22.500000	0.002980
22.550000	0.002953
22.600000	0.002918
22.650000	0.002875
22.700000	0.002825
22.750000	0.002768
22.800000	0.002704
22.850000	0.002634
22.900000	0.002559
22.950000	0.002480
23.000000	0.002397
23.050000	0.002311
23.100000	0.002223
23.150000	0.002134
23.200000	0.002046
23.250000	0.001957
23.300000	0.001871
23.350000	0.001786
23.400000	0.001705
23.450000	0.001628
23.500000	0.001556
23.550000	0.001490
23.600000	0.001429
23.650000	0.001376
23.700000	0.001330
23.750000	0.001291
23.800000	0.001261
23.850000	0.001239
23.900000	0.001226
23.950000	0.001222
24.000000	0.001226
24.050000	0.001240
24.100000	0.001262
24.150000	0.001292
24.200000	0.001331
24.250000	0.001377
24.300000	0.001431
24.350000	0.001491
24.400000	0.001558
24.450000	0.001629
24.500000	0.001706
24.550000	0.001787
24.600000	0.001870
24.650000	0.001957
24.700000	0.002044
24.750000	0.002132
24.800000	0.002220
24.850000	0.002307
24.900000	0.002391
24.950000	0.002473
25.000000	0.002551
25.050000	0.002624
25.100000	0.002693
25.150000	0.002755
25.200000	0.002811
25.250000	0.002859
25.300000	0.002901
25.350000	0.002934
25.400000	0.002959
25.450000	0.002975
25.500000	0.002982
25.550000	0.002981
25.600000	0.002971
25.650000	0.002952
25.700000	0.002925
25.750000	0.002890
25.800000	0.002846
25.850000	0.002796
25.900000	0.002738
25.950000	0.002674
26.000000	0.002604
26.050000	0.002530
26.100000	0.002451
26.150000	0.002368
26.200000	0.002283
26.250000	0.002196
26.300000	0.002109
26.350000	0.002021
26.400000	0.001934
26.450000	0.001849
26.500000	0.001766
26.550000	0.001687
26.600000	0.001612
26.650000	0.001542
26.700000	0.001478
26.750000	0.001420
26.800000	0.001369
26.850000	0.001325
26.900000	0.001289
26.950000	0.001261
27.000000	0.001242
27.050000	0.001232
27.100000	0.001230
27.150000	0.001237
27.200000	0.001253
27.250000	0.001278
27.300000	0.001310
27.350000	0.001351
27.400000	0.001400
27.450000	0.001455
27.500000	0.001518
27.550000	0.001586
27.600000	0.001659
27.650000	0.001737
27.700000	0.001819
27.750000	0.001904
27.800000	0.001991
27.850000	0.002079
27.900000	0.002167
27.950000	0.002255
28.000000	0.002342
28.050000	0.002426
28.100000	0.002508
28.150000	0.002585
28.200000	0.002658
28.250000	0.002725
28.300000	0.002786
28.350000	0.002841
28.400000	0.002888
28.450000	0.002928
28.500000	0.002959
28.550000	0.002982
28.600000	0.002997
28.650000	0.003002
28.700000	0.002999
28.750000	0.002987
28.800000	0.002966
28.850000	0.002937
28.900000	0.002900
28.950000	0.002854
29.000000	0.002802
29.050000	0.002742
29.100000	0.002676
29.150000	0.002605
29.200000	0.002528
29.250000	0.002448
29.300000	0.002364
29.350000	0.002278
29.400000	0.002190
29.450000	0.002101
29.500000	0.002012
29.550000	0.001924
29.600000	0.001839
29.650000	0.001755
29.700000	0.001676
29.750000	0.001601
29.800000	0.001531
29.850000	0.001466
29.900000	0.001408
29.950000	0.001357
30.000000	0.001314
30.050000	0.001278
30.100000	0.001251
30.150000	0.001232
30.200000	0.001222
30.250000	0.001221
30.300000	0.001229
30.350000	0.001245
30.400000	0.001270
30.450000	0.001304
30.500000	0.001345
30.550000	0.001394
30.600000	0.001450
30.650000	0.001513
30.700000	0.001581
30.750000	0.001655
30.800000	0.001733
30.850000	0.001815
30.900000	0.001899
30.950000	0.001986
31.000000	0.002074
31.050000	0.002162
31.100000	0.002250
31.150000	0.002336
31.200000	0.002420
31.250000	0.002500
31.300000	0.002577
31.350000	0.002649
31.400000	0.002715
31.450000	0.002775
31.500000	0.002829
31.550000	0.002875
31.600000	0.002913
31.650000	0.002944
31.700000	0.002966
31.750000	0.002979
31.800000	0.002983
31.850000	0.002979
31.900000	0.002966
31.950000	0.002944
32.000000	0.002914
32.050000	0.002876
32.100000	0.002830
32.150000	0.002777
32.200000	0.002717
32.250000	0.002651
32.300000	0.002579
32.350000	0.002503
32.400000	0.002423
32.450000	0.002339
32.500000	0.002253
32.550000	0.002166
32.600000	0.002078
32.650000	0.001990
32.700000	0.001904
32.750000	0.001819
32.800000	0.001738
32.850000	0.001660
32.900000	0.001586
32.950000	0.001518
33.000000	0.001456
33.050000	0.001400
33.100000	0.001351
33.150000	0.001310
33.200000	0.001276
33.250000	0.001251
33.300000	0.001235
33.350000	0.001227
33.400000	0.001229
33.450000	0.001239
33.500000	0.001257
33.550000	0.001284
33.600000	0.001320
33.650000	0.001363
33.700000	0.001414
33.750000	0.001472
33.800000	0.001536
33.850000	0.001606
33.900000	0.001681
33.950000	0.001760
34.000000	0.001843
34.050000	0.001929
34.100000	0.002016
34.150000	0.002105
34.200000	0.002193
34.250000	0.002281
34.300000	0.002366
34.350000	0.002450
34.400000	0.002530
34.450000	0.002606
34.500000	0.002677
34.550000	0.002742
34.600000	0.002801
34.650000	0.002853
34.700000	0.002898
34.750000	0.002935
34.800000	0.002964
34.850000	0.002984
34.900000	0.002996
34.950000	0.002998
35.000000	0.002992
35.050000	0.002977
35.100000	0.002954
35.150000	0.002922
35.200000	0.002882
35.250000	0.002834
35.300000	0.002779
35.350000	0.002717
35.400000	0.002650
35.450000	0.002576
35.500000	0.002499
35.550000	0.002417
35.600000	0.002332
35.650000	0.002246
35.700000	0.002157
35.750000	0.002069
35.800000	0.001980
35.850000	0.001893
35.900000	0.001808
35.950000	0.001726
36.000000	0.001648
36.050000	0.001575
36.100000	0.001507
36.150000	0.001445
36.200000	0.001389
36.250000	0.001341
36.300000	0.001300
36.350000	0.001267
36.400000	0.001243
36.450000	0.001227
36.500000	0.001220
36.550000	0.001222
36.600000	0.001233
36.650000	0.001253
36.700000	0.001281
36.750000	0.001317
36.800000	0.001361
36.850000	0.001412
36.900000	0.001471
36.950000	0.001535
37.000000	0.001606
37.050000	0.001681
37.100000	0.001761
37.150000	0.001844
37.200000	0.001929
37.250000	0.002017
37.300000	0.002105
37.350000	0.002193
37.400000	0.002280
37.450000	0.002365
37.500000	0.002448
37.550000	0.002527
37.600000	0.002603
37.650000	0.002673
37.700000	0.002737
37.750000	0.002795
37.800000	0.002846
37.850000	0.002890
37.900000	0.002925
37.950000	0.002953
38.000000	0.002972
38.050000	0.002982
38.100000	0.002984
38.150000	0.002977
38.200000	0.002961
38.250000	0.002936
38.300000	0.002903
38.350000	0.002862
38.400000	0.002814
38.450000	0.002758
38.500000	0.002696
38.550000	0.002628
38.600000	0.002554
38.650000	0.002477
38.700000	0.002395
38.750000	0.002311
38.800000	0.002224
38.850000	0.002136
38.900000	0.002048
38.950000	0.001961
39.000000	0.001875
39.050000	0.001791
39.100000	0.001710
39.150000	0.001634
39.200000	0.001562
39.250000	0.001495
39.300000	0.001435
39.350000	0.001381
39.400000	0.001335
39.450000	0.001296
39.500000	0.001266
39.550000	0.001243
39.600000	0.001230
39.650000	0.001225
39.700000	0.001229
39.750000	0.001242
39.800000	0.001263
39.850000	0.001293
39.900000	0.001331
39.950000	0.001377
40.000000	0.001430
40.050000	0.001490
40.100000	0.001557
40.150000	0.001628
40.200000	0.001705
40.250000	0.001785
40.300000	0.001869
40.350000	0.001955
40.400000	0.002043
40.450000	0.002131
40.500000	0.002220
40.550000	0.002307
40.600000	0.002392
40.650000	0.002474
40.700000	0.002553
40.750000	0.002627
40.800000	0.002697
40.850000	0.002760
40.900000	0.002817
40.950000	0.002866
41.000000	0.002909
41.050000	0.002943
41.100000	0.002969
41.150000	0.002986
41.200000	0.002995
41.250000	0.002995
41.300000	0.002985
41.350000	0.002968
41.400000	0.002941
41.450000	0.002907
41.500000	0.002864
41.550000	0.002814
41.600000	0.002757
41.650000	0.002693
41.700000	0.002623
41.750000	0.002549
41.800000	0.002470
41.850000	0.002387
41.900000	0.002302
41.950000	0.002214
42.000000	0.002126
42.050000	0.002037
42.100000	0.001949
42.150000	0.001863
42.200000	0.001779
42.250000	0.001699
42.300000	0.001622
42.350000	0.001550
42.400000	0.001484
42.450000	0.001424
42.500000	0.001371
42.550000	0.001326
42.600000	0.001288
42.650000	0.001258
42.700000	0.001237
42.750000	0.001224
42.800000	0.001220
42.850000	0.001225
42.900000	0.001239
42.950000	0.001261
43.000000	0.001292
43.050000	0.001331
43.100000	0.001378
43.150000	0.001432
43.200000	0.001492
43.250000	0.001559
43.300000	0.001631
43.350000	0.001708
43.400000	0.001789
43.450000	0.001873
43.500000	0.001959
43.550000	0.002047
43.600000	0.002135
43.650000	0.002223
43.700000	0.002310
43.750000	0.002395
43.800000	0.002476
43.850000	0.002554
43.900000	0.002628
43.950000	0.002696
44.000000	0.002758
44.050000	0.002814
44.100000	0.002863
44.150000	0.002904
44.200000	0.002937
44.250000	0.002961
44.300000	0.002977
44.350000	0.002985
44.400000	0.002983
44.450000	0.002973
44.500000	0.002954
44.550000	0.002927
44.600000	0.002891
44.650000	0.002847
44.700000	0.002796
44.750000	0.002738
44.800000	0.002674
44.850000	0.002604
44.900000	0.002529
44.950000	0.002450
45.000000	0.002367
45.050000	0.002282
45.100000	0.002195
45.150000	0.002107
45.200000	0.002019
45.250000	0.001931
45.300000	0.001846
45.350000	0.001763
45.400000	0.001684
45.450000	0.001609
45.500000	0.001538
45.550000	0.001474
45.600000	0.001415
45.650000	0.001364
45.700000	0.001320
45.750000	0.001284
45.800000	0.001256
45.850000	0.001237
45.900000	0.001226
45.950000	0.001224
46.000000	0.001231
46.050000	0.001247
46.100000	0.001271
46.150000	0.001304
46.200000	0.001344
46.250000	0.001393
46.300000	0.001448
46.350000	0.001510
46.400000	0.001578
46.450000	0.001652
46.500000	0.001730
46.550000	0.001811
46.600000	0.001896
46.650000	0.001983
46.700000	0.002071
46.750000	0.002159
46.800000	0.002247
46.850000	0.002334
46.900000	0.002418
46.950000	0.002499
47.000000	0.002577
47.050000	0.002649
47.100000	0.002716
47.150000	0.002778
47.200000	0.002832
47.250000	0.002879
47.300000	0.002919
47.350000	0.002951
47.400000	0.002974
47.450000	0.002988
47.500000	0.002994
47.550000	0.002991
47.600000	0.002979
47.650000	0.002958
47.700000	0.002929
47.750000	0.002892
47.800000	0.002846
47.850000	0.002794
47.900000	0.002734
47.950000	0.002669
48.000000	0.002597
48.050000	0.002521
48.100000	0.002441
48.150000	0.002357
48.200000	0.002271
48.250000	0.002184
48.300000	0.002095
48.350000	0.002007
48.400000	0.001919
48.450000	0.001834
48.500000	0.001751
48.550000	0.001672
48.600000	0.001597
48.650000	0.001527
48.700000	0.001463
48.750000	0.001405
48.800000	0.001355
48.850000	0.001312
48.900000	0.001277
48.950000	0.001250
49.000000	0.001231
49.050000	0.001222
49.100000	0.001221
49.150000	0.001229
49.200000	0.001246
49.250000	0.001271
49.300000	0.001305
49.350000	0.001346
49.400000	0.001396
49.450000	0.001452
49.500000	0.001515
49.550000	0.001583
49.600000	0.001657
49.650000	0.001736
49.700000	0.001818
49.750000	0.001903
49.800000	0.001989
49.850000	0.002078
49.900000	0.002166
49.950000	0.002253
50.000000	0.002340
