0	0	           0
0	1	           0
0	2	           0
0	3	           0
0	4	           0
0	5	           0
0	6	           0
0	7	           0
0	8	           0
0	9	           0
0	10	           0
0	11	           0
0	12	           0
0	13	           0
0	14	           0
0	15	           0
0	16	           0
0	17	           0
0	18	           0
0	19	           0
0	20	           0
0	21	           0
0	22	           0
0	23	           0
0	24	           0
0	25	           0
0	26	           0
0	27	           0
0	28	           0
0	29	           0
0	30	           0
0	31	           0
0	32	           0
0	33	           0
0	34	           0
0	35	           0
0	36	           0
0	37	           0
0	38	           0
0	39	           0
0	40	           0

1	0	  0.00121455
1	1	  0.00194328
1	2	  0.00266183
1	3	  0.00336649
1	4	  0.00405372
1	5	  0.00472016
1	6	   0.0053627
1	7	  0.00597843
1	8	  0.00656476
1	9	  0.00711935
1	10	  0.00764016
1	11	  0.00812543
1	12	  0.00857369
1	13	  0.00898373
1	14	  0.00935461
1	15	  0.00968562
1	16	  0.00997624
1	17	   0.0102262
1	18	   0.0104353
1	19	   0.0106036
1	20	   0.0107311
1	21	   0.0108182
1	22	    0.010865
1	23	    0.010872
1	24	   0.0108395
1	25	   0.0107681
1	26	   0.0106582
1	27	   0.0105105
1	28	   0.0103254
1	29	   0.0101037
1	30	  0.00984621
1	31	  0.00955361
1	32	  0.00922687
1	33	    0.008867
1	34	  0.00847511
1	35	  0.00805245
1	36	  0.00760041
1	37	   0.0071205
1	38	  0.00661437
1	39	   0.0060838
1	40	  0.00553073

2	0	  0.00241657
2	1	  0.00386651
2	2	  0.00529619
2	3	  0.00669824
2	4	  0.00806562
2	5	  0.00939163
2	6	   0.0106701
2	7	   0.0118952
2	8	   0.0130618
2	9	   0.0141653
2	10	   0.0152015
2	11	    0.016167
2	12	   0.0170589
2	13	   0.0178748
2	14	   0.0186127
2	15	   0.0192713
2	16	   0.0198496
2	17	   0.0203469
2	18	   0.0207629
2	19	   0.0210977
2	20	   0.0213515
2	21	   0.0215247
2	22	   0.0216179
2	23	   0.0216318
2	24	   0.0215672
2	25	   0.0214251
2	26	   0.0212065
2	27	   0.0209125
2	28	   0.0205443
2	29	   0.0201032
2	30	   0.0195908
2	31	   0.0190087
2	32	   0.0183586
2	33	   0.0176425
2	34	   0.0168628
2	35	   0.0160218
2	36	   0.0151224
2	37	   0.0141675
2	38	   0.0131605
2	39	   0.0121048
2	40	   0.0110044

3	0	  0.00359383
3	1	  0.00575013
3	2	   0.0078763
3	3	  0.00996138
3	4	   0.0119949
3	5	   0.0139669
3	6	   0.0158681
3	7	   0.0176901
3	8	    0.019425
3	9	    0.021066
3	10	   0.0226071
3	11	    0.024043
3	12	   0.0253694
3	13	   0.0265827
3	14	   0.0276801
3	15	   0.0286596
3	16	   0.0295195
3	17	   0.0302591
3	18	   0.0308779
3	19	   0.0313758
3	20	   0.0317532
3	21	   0.0320108
3	22	   0.0321493
3	23	     0.03217
3	24	    0.032074
3	25	   0.0318626
3	26	   0.0315375
3	27	   0.0311003
3	28	   0.0305527
3	29	   0.0298968
3	30	   0.0291348
3	31	    0.028269
3	32	   0.0273022
3	33	   0.0262373
3	34	   0.0250777
3	35	   0.0238271
3	36	   0.0224895
3	37	   0.0210694
3	38	   0.0195718
3	39	   0.0180019
3	40	   0.0163653

4	0	  0.00473471
4	1	  0.00757553
4	2	   0.0103767
4	3	   0.0131237
4	4	   0.0158027
4	5	   0.0184007
4	6	   0.0209055
4	7	   0.0233059
4	8	   0.0255916
4	9	   0.0277535
4	10	   0.0297838
4	11	   0.0316756
4	12	    0.033423
4	13	   0.0350215
4	14	   0.0364673
4	15	   0.0377577
4	16	   0.0388906
4	17	    0.039865
4	18	   0.0406801
4	19	   0.0413361
4	20	   0.0418334
4	21	   0.0421727
4	22	   0.0423553
4	23	   0.0423825
4	24	    0.042256
4	25	   0.0419775
4	26	   0.0415492
4	27	   0.0409732
4	28	   0.0402518
4	29	   0.0393876
4	30	   0.0383837
4	31	   0.0372431
4	32	   0.0359693
4	33	   0.0345664
4	34	   0.0330387
4	35	   0.0313911
4	36	   0.0296289
4	37	    0.027758
4	38	   0.0257849
4	39	   0.0237166
4	40	   0.0215606

5	0	  0.00582843
5	1	  0.00932548
5	2	   0.0127737
5	3	   0.0161552
5	4	   0.0194531
5	5	   0.0226513
5	6	   0.0257347
5	7	   0.0286895
5	8	   0.0315032
5	9	   0.0341646
5	10	   0.0366639
5	11	   0.0389926
5	12	   0.0411437
5	13	   0.0431115
5	14	   0.0448912
5	15	   0.0464797
5	16	   0.0478743
5	17	   0.0490738
5	18	   0.0500772
5	19	   0.0508847
5	20	   0.0514968
5	21	   0.0519146
5	22	   0.0521393
5	23	   0.0521728
5	24	   0.0520171
5	25	   0.0516743
5	26	   0.0511471
5	27	   0.0504379
5	28	   0.0495499
5	29	   0.0484862
5	30	   0.0472503
5	31	   0.0458462
5	32	   0.0442782
5	33	   0.0425512
5	34	   0.0406706
5	35	   0.0386424
5	36	   0.0364731
5	37	   0.0341701
5	38	   0.0317412
5	39	   0.0291952
5	40	   0.0265411

6	0	   0.0068653
6	1	   0.0109845
6	2	   0.0150461
6	3	   0.0190293
6	4	   0.0229139
6	5	    0.026681
6	6	   0.0303129
6	7	   0.0337934
6	8	   0.0371076
6	9	   0.0402425
6	10	   0.0431864
6	11	   0.0459294
6	12	   0.0484632
6	13	    0.050781
6	14	   0.0528774
6	15	   0.0547484
6	16	   0.0563912
6	17	    0.057804
6	18	   0.0589859
6	19	   0.0599371
6	20	   0.0606581
6	21	   0.0611501
6	22	   0.0614148
6	23	   0.0614543
6	24	   0.0612708
6	25	   0.0608671
6	26	   0.0602461
6	27	   0.0594108
6	28	   0.0583648
6	29	   0.0571118
6	30	   0.0556561
6	31	   0.0540022
6	32	   0.0521553
6	33	   0.0501211
6	34	   0.0479059
6	35	   0.0455168
6	36	   0.0429617
6	37	   0.0402489
6	38	    0.037388
6	39	    0.034389
6	40	   0.0312627

7	0	  0.00783693
7	1	   0.0125391
7	2	   0.0171755
7	3	   0.0217224
7	4	   0.0261568
7	5	    0.030457
7	6	    0.034603
7	7	    0.038576
7	8	   0.0423593
7	9	   0.0459378
7	10	   0.0492984
7	11	   0.0524296
7	12	    0.055322
7	13	   0.0579678
7	14	   0.0603609
7	15	   0.0624967
7	16	    0.064372
7	17	   0.0659847
7	18	    0.067334
7	19	   0.0684197
7	20	   0.0692428
7	21	   0.0698044
7	22	   0.0701066
7	23	   0.0701516
7	24	   0.0699422
7	25	   0.0694814
7	26	   0.0687724
7	27	   0.0678189
7	28	   0.0666249
7	29	   0.0651946
7	30	   0.0635328
7	31	   0.0616449
7	32	   0.0595366
7	33	   0.0572145
7	34	   0.0546858
7	35	   0.0519586
7	36	   0.0490418
7	37	   0.0459452
7	38	   0.0426793
7	39	   0.0392559
7	40	   0.0356871

8	0	  0.00873628
8	1	    0.013978
8	2	   0.0191466
8	3	   0.0242152
8	4	   0.0291585
8	5	   0.0339522
8	6	    0.038574
8	7	    0.043003
8	8	   0.0472204
8	9	   0.0512096
8	10	   0.0549557
8	11	   0.0584463
8	12	   0.0616706
8	13	     0.06462
8	14	   0.0672877
8	15	   0.0696686
8	16	   0.0717591
8	17	   0.0735569
8	18	    0.075061
8	19	   0.0762714
8	20	   0.0771889
8	21	    0.077815
8	22	   0.0781518
8	23	    0.078202
8	24	   0.0779686
8	25	   0.0774549
8	26	   0.0766645
8	27	   0.0756016
8	28	   0.0742705
8	29	   0.0726761
8	30	   0.0708237
8	31	    0.068719
8	32	   0.0663688
8	33	   0.0637802
8	34	   0.0609614
8	35	   0.0579213
8	36	   0.0546697
8	37	   0.0512177
8	38	   0.0475771
8	39	   0.0437608
8	40	   0.0397825

9	0	  0.00955781
9	1	   0.0152925
9	2	   0.0209471
9	3	   0.0264923
9	4	   0.0319005
9	5	    0.037145
9	6	   0.0422013
9	7	   0.0470468
9	8	   0.0516609
9	9	   0.0560252
9	10	   0.0601236
9	11	   0.0639424
9	12	   0.0674699
9	13	   0.0706967
9	14	   0.0736153
9	15	     0.07622
9	16	   0.0785071
9	17	   0.0804739
9	18	   0.0821195
9	19	   0.0834437
9	20	   0.0844474
9	21	   0.0851324
9	22	   0.0855009
9	23	   0.0855559
9	24	   0.0853005
9	25	   0.0847384
9	26	   0.0838738
9	27	   0.0827109
9	28	   0.0812547
9	29	   0.0795103
9	30	   0.0774836
9	31	   0.0751811
9	32	   0.0726099
9	33	   0.0697779
9	34	    0.066694
9	35	   0.0633679
9	36	   0.0598107
9	37	    0.056034
9	38	   0.0520511
9	39	   0.0478759
9	40	   0.0435235

10	0	   0.0102975
10	1	    0.016476
10	2	   0.0225681
10	3	   0.0285425
10	4	   0.0343692
10	5	   0.0400196
10	6	   0.0454672
10	7	   0.0506877
10	8	   0.0556588
10	9	   0.0603608
10	10	   0.0647764
10	11	   0.0688907
10	12	   0.0726912
10	13	   0.0761677
10	14	   0.0793121
10	15	   0.0821185
10	16	   0.0845825
10	17	   0.0867016
10	18	   0.0884745
10	19	   0.0899011
10	20	   0.0909825
10	21	   0.0917205
10	22	   0.0921176
10	23	   0.0921767
10	24	   0.0919016
10	25	    0.091296
10	26	   0.0903645
10	27	   0.0891116
10	28	   0.0875427
10	29	   0.0856633
10	30	   0.0834798
10	31	   0.0809991
10	32	   0.0782289
10	33	   0.0751778
10	34	   0.0718552
10	35	   0.0682718
10	36	   0.0644392
10	37	   0.0603703
10	38	   0.0560792
10	39	   0.0515808
10	40	   0.0468917

11	0	   0.0109526
11	1	   0.0175242
11	2	    0.024004
11	3	   0.0303585
11	4	   0.0365559
11	5	   0.0425658
11	6	     0.04836
11	7	   0.0539126
11	8	      0.0592
11	9	   0.0642011
11	10	   0.0688977
11	11	   0.0732737
11	12	    0.077316
11	13	   0.0810137
11	14	   0.0843582
11	15	   0.0873431
11	16	   0.0899639
11	17	   0.0922177
11	18	   0.0941034
11	19	   0.0956208
11	20	    0.096771
11	21	    0.097556
11	22	   0.0979783
11	23	   0.0980412
11	24	   0.0977486
11	25	   0.0971045
11	26	   0.0961137
11	27	   0.0947811
11	28	   0.0931123
11	29	   0.0911134
11	30	    0.088791
11	31	   0.0861525
11	32	    0.083206
11	33	   0.0799608
11	34	   0.0764268
11	35	   0.0726154
11	36	    0.068539
11	37	   0.0642112
11	38	    0.059647
11	39	   0.0548625
11	40	    0.049875

12	0	    0.011522
12	1	   0.0184352
12	2	   0.0252518
12	3	   0.0319367
12	4	   0.0384562
12	5	   0.0447786
12	6	    0.050874
12	7	   0.0567153
12	8	   0.0622775
12	9	   0.0675387
12	10	   0.0724794
12	11	   0.0770829
12	12	   0.0813353
12	13	   0.0852252
12	14	   0.0887436
12	15	   0.0918836
12	16	   0.0946406
12	17	   0.0970117
12	18	   0.0989954
12	19	    0.100592
12	20	    0.101802
12	21	    0.102627
12	22	    0.103072
12	23	    0.103138
12	24	     0.10283
12	25	    0.102152
12	26	     0.10111
12	27	   0.0997083
12	28	   0.0979528
12	29	   0.0958499
12	30	   0.0934068
12	31	   0.0906311
12	32	   0.0875315
12	33	   0.0841175
12	34	   0.0803998
12	35	   0.0763903
12	36	    0.072102
12	37	   0.0675493
12	38	   0.0627478
12	39	   0.0577145
12	40	   0.0524678

13	0	   0.0120056
13	1	   0.0192089
13	2	   0.0263116
13	3	    0.033277
13	4	   0.0400701
13	5	   0.0466577
13	6	    0.053009
13	7	   0.0590954
13	8	    0.064891
13	9	    0.070373
13	10	    0.075521
13	11	   0.0803177
13	12	   0.0847486
13	13	   0.0888017
13	14	   0.0924677
13	15	   0.0957395
13	16	   0.0986122
13	17	    0.101083
13	18	     0.10315
13	19	    0.104813
13	20	    0.106074
13	21	    0.106934
13	22	    0.107397
13	23	    0.107466
13	24	    0.107145
13	25	    0.106439
13	26	    0.105353
13	27	    0.103892
13	28	    0.102063
13	29	   0.0998722
13	30	   0.0973266
13	31	   0.0944344
13	32	   0.0912047
13	33	   0.0876475
13	34	   0.0837738
13	35	    0.079596
13	36	   0.0751277
13	37	   0.0703839
13	38	    0.065381
13	39	   0.0601365
13	40	   0.0546696

14	0	   0.0124042
14	1	   0.0198467
14	2	   0.0271852
14	3	   0.0343819
14	4	   0.0414005
14	5	   0.0482069
14	6	    0.054769
14	7	   0.0610575
14	8	   0.0670456
14	9	   0.0727096
14	10	   0.0780285
14	11	   0.0829845
14	12	   0.0875624
14	13	   0.0917501
14	14	   0.0955378
14	15	   0.0989183
14	16	    0.101886
14	17	    0.104439
14	18	    0.106574
14	19	    0.108293
14	20	    0.109596
14	21	    0.110485
14	22	    0.110963
14	23	    0.111034
14	24	    0.110703
14	25	    0.109973
14	26	    0.108851
14	27	    0.107342
14	28	    0.105452
14	29	    0.103188
14	30	    0.100558
14	31	   0.0975698
14	32	   0.0942329
14	33	   0.0905576
14	34	   0.0865553
14	35	   0.0822388
14	36	   0.0776221
14	37	   0.0727209
14	38	   0.0675518
14	39	   0.0621332
14	40	   0.0564847

15	0	   0.0127197
15	1	   0.0203515
15	2	   0.0278766
15	3	   0.0352563
15	4	   0.0424535
15	5	    0.049433
15	6	    0.056162
15	7	   0.0626104
15	8	   0.0687508
15	9	   0.0745588
15	10	    0.080013
15	11	    0.085095
15	12	   0.0897894
15	13	   0.0940836
15	14	   0.0979677
15	15	    0.101434
15	16	    0.104478
15	17	    0.107095
15	18	    0.109285
15	19	    0.111047
15	20	    0.112383
15	21	    0.113294
15	22	    0.113785
15	23	    0.113858
15	24	    0.113518
15	25	     0.11277
15	26	    0.111619
15	27	    0.110072
15	28	    0.108134
15	29	    0.105813
15	30	    0.103115
15	31	    0.100051
15	32	   0.0966295
15	33	   0.0928607
15	34	   0.0887566
15	35	   0.0843303
15	36	   0.0795963
15	37	   0.0745704
15	38	   0.0692698
15	39	   0.0637134
15	40	   0.0579213

16	0	   0.0129544
16	1	    0.020727
16	2	    0.028391
16	3	   0.0359069
16	4	   0.0432369
16	5	   0.0503452
16	6	   0.0571984
16	7	   0.0637658
16	8	   0.0700195
16	9	   0.0759346
16	10	   0.0814895
16	11	   0.0866653
16	12	   0.0914463
16	13	   0.0958197
16	14	   0.0997754
16	15	    0.103306
16	16	    0.106406
16	17	    0.109071
16	18	    0.111302
16	19	    0.113096
16	20	    0.114457
16	21	    0.115385
16	22	    0.115885
16	23	    0.115959
16	24	    0.115613
16	25	    0.114851
16	26	    0.113679
16	27	    0.112103
16	28	    0.110129
16	29	    0.107765
16	30	    0.105018
16	31	    0.101897
16	32	   0.0984126
16	33	   0.0945742
16	34	   0.0903944
16	35	   0.0858864
16	36	    0.081065
16	37	   0.0759464
16	38	    0.070548
16	39	   0.0648891
16	40	   0.0589901

17	0	   0.0131111
17	1	   0.0209777
17	2	   0.0287345
17	3	   0.0363413
17	4	     0.04376
17	5	   0.0509542
17	6	   0.0578903
17	7	   0.0645371
17	8	   0.0708665
17	9	   0.0768532
17	10	   0.0824753
17	11	   0.0877137
17	12	   0.0925525
17	13	   0.0969788
17	14	    0.100982
17	15	    0.104555
17	16	    0.107693
17	17	    0.110391
17	18	    0.112648
17	19	    0.114464
17	20	    0.115841
17	21	    0.116781
17	22	    0.117286
17	23	    0.117362
17	24	    0.117011
17	25	     0.11624
17	26	    0.115054
17	27	    0.113459
17	28	    0.111461
17	29	    0.109069
17	30	    0.106289
17	31	     0.10313
17	32	    0.099603
17	33	   0.0957182
17	34	   0.0914878
17	35	   0.0869254
17	36	   0.0820456
17	37	    0.076865
17	38	   0.0714014
17	39	    0.065674
17	40	   0.0597037

18	0	   0.0131927
18	1	   0.0211084
18	2	   0.0289134
18	3	   0.0365676
18	4	   0.0440324
18	5	   0.0512715
18	6	   0.0582508
18	7	    0.064939
18	8	   0.0713078
18	9	   0.0773317
18	10	   0.0829888
18	11	   0.0882598
18	12	   0.0931288
18	13	   0.0975827
18	14	    0.101611
18	15	    0.105206
18	16	    0.108363
18	17	    0.111078
18	18	    0.113349
18	19	    0.115177
18	20	    0.116562
18	21	    0.117508
18	22	    0.118017
18	23	    0.118092
18	24	     0.11774
18	25	    0.116964
18	26	    0.115771
18	27	    0.114165
18	28	    0.112155
18	29	    0.109748
18	30	     0.10695
18	31	    0.103772
18	32	    0.100223
18	33	   0.0963141
18	34	   0.0920574
18	35	   0.0874666
18	36	   0.0825565
18	37	   0.0773436
18	38	   0.0718459
18	39	   0.0660829
18	40	   0.0600754

19	0	   0.0132022
19	1	   0.0211236
19	2	   0.0289342
19	3	   0.0365939
19	4	   0.0440641
19	5	   0.0513084
19	6	   0.0582927
19	7	   0.0649857
19	8	    0.071359
19	9	   0.0773873
19	10	   0.0830485
19	11	   0.0883233
19	12	   0.0931957
19	13	   0.0976528
19	14	    0.101684
19	15	    0.105282
19	16	    0.108441
19	17	    0.111158
19	18	    0.113431
19	19	     0.11526
19	20	    0.116646
19	21	    0.117592
19	22	    0.118101
19	23	    0.118177
19	24	    0.117824
19	25	    0.117048
19	26	    0.115854
19	27	    0.114247
19	28	    0.112236
19	29	    0.109827
19	30	    0.107027
19	31	    0.103847
19	32	    0.100295
19	33	   0.0963834
19	34	   0.0921236
19	35	   0.0875294
19	36	   0.0826158
19	37	   0.0773992
19	38	   0.0718976
19	39	   0.0661304
19	40	   0.0601186

20	0	   0.0131423
20	1	   0.0210277
20	2	   0.0288029
20	3	   0.0364278
20	4	   0.0438642
20	5	   0.0510755
20	6	   0.0580281
20	7	   0.0646908
20	8	   0.0710352
20	9	   0.0770362
20	10	   0.0826716
20	11	   0.0879224
20	12	   0.0927728
20	13	   0.0972097
20	14	    0.101223
20	15	    0.104804
20	16	    0.107949
20	17	    0.110653
20	18	    0.112916
20	19	    0.114737
20	20	    0.116117
20	21	    0.117059
20	22	    0.117565
20	23	    0.117641
20	24	     0.11729
20	25	    0.116517
20	26	    0.115328
20	27	    0.113729
20	28	    0.111727
20	29	    0.109328
20	30	    0.106541
20	31	    0.103375
20	32	     0.09984
20	33	    0.095946
20	34	   0.0917055
20	35	   0.0871322
20	36	   0.0822409
20	37	    0.077048
20	38	   0.0715713
20	39	   0.0658303
20	40	   0.0598457

21	0	   0.0130155
21	1	   0.0208248
21	2	   0.0285249
21	3	   0.0360763
21	4	   0.0434408
21	5	   0.0505826
21	6	   0.0574681
21	7	   0.0640664
21	8	   0.0703496
21	9	   0.0762927
21	10	   0.0818737
21	11	   0.0870739
21	12	   0.0918774
21	13	   0.0962714
21	14	    0.100246
21	15	    0.103793
21	16	    0.106907
21	17	    0.109585
21	18	    0.111826
21	19	    0.113629
21	20	    0.114996
21	21	    0.115929
21	22	    0.116431
21	23	    0.116505
21	24	    0.116158
21	25	    0.115392
21	26	    0.114215
21	27	    0.112631
21	28	    0.110648
21	29	    0.108273
21	30	    0.105513
21	31	    0.102378
21	32	   0.0988764
21	33	   0.0950199
21	34	   0.0908204
21	35	   0.0862912
21	36	   0.0814471
21	37	   0.0763043
21	38	   0.0708805
21	39	   0.0651949
21	40	   0.0592681

22	0	   0.0128238
22	1	   0.0205181
22	2	   0.0281048
22	3	    0.035545
22	4	   0.0428011
22	5	   0.0498377
22	6	   0.0566218
22	7	    0.063123
22	8	   0.0693136
22	9	   0.0751691
22	10	    0.080668
22	11	   0.0857916
22	12	   0.0905244
22	13	   0.0948537
22	14	   0.0987695
22	15	    0.102264
22	16	    0.105333
22	17	    0.107972
22	18	    0.110179
22	19	    0.111956
22	20	    0.113303
22	21	    0.114222
22	22	    0.114716
22	23	     0.11479
22	24	    0.114447
22	25	    0.113693
22	26	    0.112533
22	27	    0.110973
22	28	    0.109019
22	29	    0.106678
22	30	    0.103959
22	31	     0.10087
22	32	   0.0974203
22	33	   0.0936206
22	34	    0.089483
22	35	   0.0850205
22	36	   0.0802477
22	37	   0.0751806
22	38	   0.0698367
22	39	   0.0642348
22	40	   0.0583953

23	0	    0.012569
23	1	   0.0201104
23	2	   0.0275464
23	3	   0.0348387
23	4	   0.0419506
23	5	   0.0488474
23	6	   0.0554967
23	7	   0.0618687
23	8	   0.0679364
23	9	   0.0736756
23	10	   0.0790651
23	11	   0.0840869
23	12	   0.0887257
23	13	    0.092969
23	14	    0.096807
23	15	    0.100232
23	16	     0.10324
23	17	    0.105826
23	18	     0.10799
23	19	    0.109731
23	20	    0.111051
23	21	    0.111952
23	22	    0.112437
23	23	    0.112509
23	24	    0.112173
23	25	    0.111434
23	26	    0.110297
23	27	    0.108768
23	28	    0.106853
23	29	    0.104559
23	30	    0.101894
23	31	   0.0988658
23	32	   0.0954846
23	33	   0.0917604
23	34	    0.087705
23	35	   0.0833312
23	36	   0.0786532
23	37	   0.0736868
23	38	   0.0684491
23	39	   0.0629585
23	40	    0.057235

24	0	   0.0122524
24	1	   0.0196038
24	2	   0.0268525
24	3	   0.0339611
24	4	   0.0408939
24	5	    0.047617
24	6	   0.0540988
24	7	   0.0603102
24	8	    0.066225
24	9	   0.0718197
24	10	   0.0770735
24	11	   0.0819688
24	12	   0.0864907
24	13	   0.0906271
24	14	   0.0943684
24	15	   0.0977075
24	16	    0.100639
24	17	     0.10316
24	18	     0.10527
24	19	    0.106967
24	20	    0.108254
24	21	    0.109132
24	22	    0.109604
24	23	    0.109675
24	24	    0.109347
24	25	    0.108627
24	26	    0.107519
24	27	    0.106028
24	28	    0.104161
24	29	    0.101925
24	30	    0.099327
24	31	   0.0963754
24	32	   0.0930793
24	33	    0.089449
24	34	   0.0854957
24	35	    0.081232
24	36	   0.0766719
24	37	   0.0718307
24	38	   0.0667249
24	39	   0.0613726
24	40	   0.0557933

25	0	   0.0118749
25	1	   0.0189999
25	2	   0.0260253
25	3	   0.0329149
25	4	   0.0396341
25	5	   0.0461501
25	6	   0.0524322
25	7	   0.0584524
25	8	   0.0641849
25	9	   0.0696072
25	10	   0.0746992
25	11	   0.0794437
25	12	   0.0838263
25	13	   0.0878353
25	14	   0.0914614
25	15	   0.0946976
25	16	    0.097539
25	17	   0.0999826
25	18	    0.102027
25	19	    0.103672
25	20	    0.104919
25	21	     0.10577
25	22	    0.106228
25	23	    0.106296
25	24	    0.105979
25	25	    0.105281
25	26	    0.104206
25	27	    0.102762
25	28	    0.100952
25	29	   0.0987852
25	30	   0.0962672
25	31	   0.0934065
25	32	    0.090212
25	33	   0.0866935
25	34	    0.082862
25	35	   0.0787297
25	36	     0.07431
25	37	   0.0696179
25	38	   0.0646694
25	39	    0.059482
25	40	   0.0540745

26	0	   0.0114374
26	1	   0.0182999
26	2	   0.0250664
26	3	   0.0317022
26	4	   0.0381739
26	5	   0.0444497
26	6	   0.0505004
26	7	   0.0562988
26	8	   0.0618201
26	9	   0.0670426
26	10	    0.071947
26	11	   0.0765167
26	12	   0.0807379
26	13	   0.0845991
26	14	   0.0880916
26	15	   0.0912086
26	16	   0.0939453
26	17	   0.0962989
26	18	    0.098268
26	19	   0.0998525
26	20	    0.101054
26	21	    0.101873
26	22	    0.102314
26	23	     0.10238
26	24	    0.102074
26	25	    0.101402
26	26	    0.100367
26	27	   0.0989756
26	28	    0.097233
26	29	   0.0951456
26	30	   0.0927204
26	31	   0.0899651
26	32	   0.0868883
26	33	   0.0834994
26	34	   0.0798091
26	35	    0.075829
26	36	   0.0715722
26	37	   0.0670529
26	38	   0.0622868
26	39	   0.0572905
26	40	   0.0520823

27	0	   0.0109405
27	1	   0.0175047
27	2	   0.0239773
27	3	   0.0303248
27	4	   0.0365152
27	5	   0.0425184
27	6	   0.0483062
27	7	   0.0538526
27	8	   0.0591341
27	9	   0.0641297
27	10	   0.0688209
27	11	   0.0731921
27	12	   0.0772298
27	13	   0.0809234
27	14	   0.0842641
27	15	   0.0872456
27	16	   0.0898635
27	17	   0.0921148
27	18	   0.0939983
27	19	    0.095514
27	20	   0.0966629
27	21	    0.097447
27	22	   0.0978688
27	23	   0.0979317
27	24	   0.0976393
27	25	    0.096996
27	26	   0.0960062
27	27	   0.0946752
27	28	   0.0930083
27	29	   0.0910116
27	30	   0.0886918
27	31	   0.0860562
27	32	   0.0831131
27	33	   0.0798714
27	34	   0.0763414
27	35	   0.0725343
27	36	   0.0684625
27	37	   0.0641395
27	38	   0.0595804
27	39	   0.0548013
27	40	   0.0498193

28	0	   0.0103847
28	1	   0.0166156
28	2	   0.0227594
28	3	   0.0287844
28	4	   0.0346604
28	5	   0.0403587
28	6	   0.0458525
28	7	   0.0511171
28	8	   0.0561304
28	9	   0.0608722
28	10	   0.0653252
28	11	   0.0694743
28	12	    0.073307
28	13	   0.0768129
28	14	   0.0799839
28	15	    0.082814
28	16	   0.0852989
28	17	   0.0874359
28	18	   0.0892237
28	19	   0.0906624
28	20	    0.091753
28	21	   0.0924972
28	22	   0.0928976
28	23	   0.0929573
28	24	   0.0926798
28	25	   0.0920691
28	26	   0.0911297
28	27	   0.0898662
28	28	    0.088284
28	29	   0.0863887
28	30	   0.0841868
28	31	   0.0816851
28	32	   0.0788914
28	33	   0.0758144
28	34	   0.0724637
28	35	     0.06885
28	36	    0.064985
28	37	   0.0608816
28	38	   0.0565541
28	39	   0.0520177
28	40	   0.0472888

29	0	   0.0097711
29	1	   0.0156338
29	2	   0.0214145
29	3	   0.0270835
29	4	   0.0326123
29	5	   0.0379739
29	6	    0.043143
29	7	   0.0480966
29	8	   0.0528136
29	9	   0.0572753
29	10	   0.0614651
29	11	   0.0653691
29	12	   0.0689753
29	13	    0.072274
29	14	   0.0752577
29	15	   0.0779206
29	16	   0.0802586
29	17	   0.0822693
29	18	   0.0839515
29	19	   0.0853052
29	20	   0.0863314
29	21	   0.0870316
29	22	   0.0874083
29	23	   0.0874645
29	24	   0.0872034
29	25	   0.0866288
29	26	   0.0857449
29	27	   0.0845561
29	28	   0.0830673
29	29	   0.0812841
29	30	   0.0792122
29	31	   0.0768583
29	32	   0.0742298
29	33	   0.0713346
29	34	   0.0681819
29	35	   0.0647817
29	36	    0.061145
29	37	   0.0572842
29	38	   0.0532123
29	39	    0.048944
29	40	   0.0444945

30	0	  0.00910075
30	1	   0.0145612
30	2	   0.0199453
30	3	   0.0252254
30	4	   0.0303749
30	5	   0.0353687
30	6	   0.0401832
30	7	   0.0447969
30	8	   0.0491903
30	9	   0.0533459
30	10	   0.0572483
30	11	   0.0608844
30	12	   0.0642432
30	13	   0.0673156
30	14	   0.0700946
30	15	   0.0725748
30	16	   0.0747524
30	17	   0.0766252
30	18	    0.078192
30	19	   0.0794529
30	20	   0.0804086
30	21	   0.0810608
30	22	   0.0814117
30	23	    0.081464
30	24	   0.0812208
30	25	   0.0806856
30	26	   0.0798623
30	27	   0.0787551
30	28	   0.0773685
30	29	   0.0757076
30	30	   0.0737779
30	31	   0.0715855
30	32	   0.0691372
30	33	   0.0664407
30	34	   0.0635043
30	35	   0.0603373
30	36	   0.0569502
30	37	   0.0533542
30	38	   0.0495617
30	39	   0.0455862
30	40	    0.041442

31	0	  0.00837536
31	1	   0.0134006
31	2	   0.0183556
31	3	   0.0232148
31	4	   0.0279539
31	5	   0.0325496
31	6	   0.0369803
31	7	   0.0412263
31	8	   0.0452695
31	9	   0.0490939
31	10	   0.0526853
31	11	   0.0560316
31	12	   0.0591226
31	13	   0.0619502
31	14	   0.0645077
31	15	   0.0667902
31	16	   0.0687943
31	17	   0.0705178
31	18	   0.0719597
31	19	   0.0731201
31	20	   0.0739996
31	21	   0.0745998
31	22	   0.0749228
31	23	   0.0749709
31	24	   0.0747471
31	25	   0.0742546
31	26	   0.0734969
31	27	   0.0724779
31	28	   0.0712018
31	29	   0.0696733
31	30	   0.0678974
31	31	   0.0658797
31	32	   0.0636266
31	33	    0.061145
31	34	   0.0584426
31	35	   0.0555281
31	36	   0.0524109
31	37	   0.0491016
31	38	   0.0456114
31	39	   0.0419527
31	40	   0.0381388

32	0	  0.00759725
32	1	   0.0121556
32	2	   0.0166503
32	3	    0.021058
32	4	   0.0253568
32	5	   0.0295255
32	6	   0.0335447
32	7	   0.0373962
32	8	   0.0410638
32	9	   0.0445328
32	10	   0.0477905
32	11	    0.050826
32	12	   0.0536299
32	13	   0.0561947
32	14	   0.0585146
32	15	   0.0605851
32	16	    0.062403
32	17	   0.0639664
32	18	   0.0652743
32	19	   0.0663269
32	20	   0.0671247
32	21	   0.0676692
32	22	   0.0679621
32	23	   0.0680058
32	24	   0.0678028
32	25	    0.067356
32	26	   0.0666687
32	27	   0.0657444
32	28	   0.0645869
32	29	   0.0632004
32	30	   0.0615894
32	31	   0.0597592
32	32	   0.0577154
32	33	   0.0554644
32	34	   0.0530131
32	35	   0.0503693
32	36	   0.0475417
32	37	   0.0445398
32	38	   0.0413739
32	39	   0.0380551
32	40	   0.0345956

33	0	  0.00676943
33	1	   0.0108311
33	2	    0.014836
33	3	   0.0187635
33	4	   0.0225939
33	5	   0.0263084
33	6	   0.0298896
33	7	   0.0333214
33	8	   0.0365894
33	9	   0.0396804
33	10	   0.0425832
33	11	   0.0452878
33	12	   0.0477862
33	13	   0.0500716
33	14	   0.0521387
33	15	   0.0539836
33	16	   0.0556034
33	17	   0.0569965
33	18	   0.0581619
33	19	   0.0590998
33	20	   0.0598107
33	21	   0.0602958
33	22	   0.0605568
33	23	   0.0605957
33	24	   0.0604148
33	25	   0.0600168
33	26	   0.0594044
33	27	   0.0585808
33	28	   0.0575494
33	29	   0.0563139
33	30	   0.0548785
33	31	   0.0532477
33	32	   0.0514267
33	33	   0.0494209
33	34	   0.0472367
33	35	    0.044881
33	36	   0.0423615
33	37	   0.0396867
33	38	   0.0368657
33	39	   0.0339086
33	40	    0.030826

34	0	  0.00589572
34	1	  0.00943315
34	2	   0.0129211
34	3	   0.0163417
34	4	   0.0196777
34	5	   0.0229128
34	6	   0.0260318
34	7	   0.0290207
34	8	   0.0318669
34	9	    0.034559
34	10	   0.0370871
34	11	   0.0394427
34	12	   0.0416186
34	13	    0.043609
34	14	   0.0454093
34	15	   0.0470161
34	16	   0.0484268
34	17	   0.0496401
34	18	   0.0506551
34	19	   0.0514719
34	20	   0.0520911
34	21	   0.0525136
34	22	   0.0527409
34	23	   0.0527748
34	24	   0.0526173
34	25	   0.0522706
34	26	   0.0517372
34	27	   0.0510199
34	28	   0.0501217
34	29	   0.0490457
34	30	   0.0477955
34	31	   0.0463752
34	32	   0.0447892
34	33	   0.0430423
34	34	     0.04114
34	35	   0.0390883
34	36	    0.036894
34	37	   0.0345644
34	38	   0.0321075
34	39	   0.0295321
34	40	   0.0268473

35	0	  0.00498073
35	1	  0.00796916
35	2	   0.0109158
35	3	   0.0138056
35	4	   0.0166238
35	5	   0.0193568
35	6	   0.0219918
35	7	   0.0245168
35	8	   0.0269213
35	9	   0.0291956
35	10	   0.0313313
35	11	   0.0333213
35	12	   0.0351596
35	13	   0.0368411
35	14	    0.038362
35	15	   0.0397194
35	16	   0.0409112
35	17	   0.0419362
35	18	   0.0427937
35	19	   0.0434837
35	20	   0.0440068
35	21	   0.0443638
35	22	   0.0445558
35	23	   0.0445844
35	24	   0.0444513
35	25	   0.0441584
35	26	   0.0437079
35	27	   0.0431019
35	28	    0.042343
35	29	    0.041434
35	30	   0.0403779
35	31	    0.039178
35	32	   0.0378381
35	33	   0.0363623
35	34	   0.0347552
35	35	    0.033022
35	36	   0.0311682
35	37	   0.0292002
35	38	   0.0271246
35	39	   0.0249488
35	40	   0.0226808

36	0	  0.00402988
36	1	   0.0064478
36	2	  0.00883194
36	3	     0.01117
36	4	   0.0134502
36	5	   0.0156615
36	6	   0.0177934
36	7	   0.0198364
36	8	   0.0217818
36	9	    0.023622
36	10	     0.02535
36	11	   0.0269601
36	12	   0.0284474
36	13	   0.0298079
36	14	   0.0310385
36	15	   0.0321367
36	16	    0.033101
36	17	   0.0339303
36	18	   0.0346241
36	19	   0.0351824
36	20	   0.0356057
36	21	   0.0358945
36	22	   0.0360498
36	23	    0.036073
36	24	   0.0359653
36	25	   0.0357284
36	26	   0.0353638
36	27	   0.0348735
36	28	   0.0342595
36	29	    0.033524
36	30	   0.0326695
36	31	   0.0316987
36	32	   0.0306146
36	33	   0.0294205
36	34	   0.0281203
36	35	   0.0267179
36	36	    0.025218
36	37	   0.0236257
36	38	   0.0219464
36	39	    0.020186
36	40	   0.0183509

37	0	  0.00304933
37	1	  0.00487892
37	2	  0.00668295
37	3	  0.00845212
37	4	   0.0101775
37	5	   0.0118507
37	6	   0.0134639
37	7	   0.0150098
37	8	   0.0164819
37	9	   0.0178743
37	10	   0.0191818
37	11	   0.0204002
37	12	   0.0215256
37	13	   0.0225551
37	14	   0.0234862
37	15	   0.0243172
37	16	   0.0250469
37	17	   0.0256744
37	18	   0.0261994
37	19	   0.0266219
37	20	   0.0269421
37	21	   0.0271606
37	22	   0.0272782
37	23	   0.0272957
37	24	   0.0272143
37	25	   0.0270349
37	26	   0.0267591
37	27	   0.0263881
37	28	   0.0259235
37	29	    0.025367
37	30	   0.0247204
37	31	   0.0239858
37	32	   0.0231655
37	33	   0.0222619
37	34	    0.021278
37	35	   0.0202169
37	36	    0.019082
37	37	   0.0178771
37	38	   0.0166064
37	39	   0.0152743
37	40	   0.0138857

38	0	  0.00204588
38	1	  0.00327342
38	2	  0.00448379
38	3	  0.00567078
38	4	  0.00682841
38	5	  0.00795102
38	6	  0.00903335
38	7	   0.0100705
38	8	   0.0110582
38	9	   0.0119924
38	10	   0.0128697
38	11	   0.0136871
38	12	   0.0144422
38	13	   0.0151329
38	14	   0.0157576
38	15	   0.0163152
38	16	   0.0168047
38	17	   0.0172257
38	18	    0.017578
38	19	   0.0178614
38	20	   0.0180763
38	21	   0.0182229
38	22	   0.0183018
38	23	   0.0183135
38	24	   0.0182589
38	25	   0.0181386
38	26	   0.0179535
38	27	   0.0177046
38	28	   0.0173929
38	29	   0.0170195
38	30	   0.0165857
38	31	   0.0160928
38	32	   0.0155424
38	33	   0.0149362
38	34	   0.0142761
38	35	   0.0135641
38	36	   0.0128027
38	37	   0.0119943
38	38	   0.0111417
38	39	    0.010248
38	40	  0.00931637

39	0	  0.00102688
39	1	  0.00164301
39	2	  0.00225053
39	3	  0.00284631
39	4	  0.00342735
39	5	  0.00399081
39	6	  0.00453406
39	7	  0.00505465
39	8	  0.00555038
39	9	  0.00601927
39	10	  0.00645961
39	11	  0.00686989
39	12	  0.00724888
39	13	  0.00759556
39	14	  0.00790913
39	15	  0.00818899
39	16	  0.00843471
39	17	  0.00864602
39	18	  0.00882282
39	19	  0.00896509
39	20	  0.00907293
39	21	  0.00914652
39	22	  0.00918612
39	23	  0.00919202
39	24	  0.00916458
39	25	  0.00910419
39	26	   0.0090113
39	27	  0.00888636
39	28	   0.0087299
39	29	  0.00854249
39	30	  0.00832475
39	31	  0.00807737
39	32	  0.00780112
39	33	  0.00749686
39	34	  0.00716552
39	35	  0.00680818
39	36	  0.00642599
39	37	  0.00602023
39	38	  0.00559231
39	39	  0.00514373
39	40	  0.00467612

40	0	           0
40	1	           0
40	2	           0
40	3	           0
40	4	           0
40	5	           0
40	6	           0
40	7	           0
40	8	           0
40	9	           0
40	10	           0
40	11	           0
40	12	           0
40	13	           0
40	14	           0
40	15	           0
40	16	           0
40	17	           0
40	18	           0
40	19	           0
40	20	           0
40	21	           0
40	22	           0
40	23	           0
40	24	           0
40	25	           0
40	26	           0
40	27	           0
40	28	           0
40	29	           0
40	30	           0
40	31	           0
40	32	           0
40	33	           0
40	34	           0
40	35	           0
40	36	           0
40	37	           0
40	38	           0
40	39	           0
40	40	           0

