0	0	           0
0	1	           0
0	2	           0
0	3	           0
0	4	           0
0	5	           0
0	6	           0
0	7	           0
0	8	           0
0	9	           0
0	10	           0
0	11	           0
0	12	           0
0	13	           0
0	14	           0
0	15	           0
0	16	           0
0	17	           0
0	18	           0
0	19	           0
0	20	           0
0	21	           0
0	22	           0
0	23	           0
0	24	           0
0	25	           0
0	26	           0
0	27	           0
0	28	           0
0	29	           0
0	30	           0
0	31	           0
0	32	           0
0	33	           0
0	34	           0
0	35	           0
0	36	           0
0	37	           0
0	38	           0
0	39	           0
0	40	           0

1	0	 5.06972e-12
1	1	 8.11085e-12
1	2	 1.11093e-11
1	3	 1.41043e-11
1	4	 1.70033e-11
1	5	 1.98597e-11
1	6	 2.26237e-11
1	7	 2.53095e-11
1	8	 2.78888e-11
1	9	 3.03686e-11
1	10	 3.27205e-11
1	11	 3.49445e-11
1	12	 3.70548e-11
1	13	 3.89804e-11
1	14	 4.07994e-11
1	15	  4.2462e-11
1	16	 4.39186e-11
1	17	 4.52332e-11
1	18	 4.63558e-11
1	19	 4.73221e-11
1	20	 4.80824e-11
1	21	 4.86651e-11
1	22	 4.90701e-11
1	23	 4.92619e-11
1	24	 4.93046e-11
1	25	 4.91056e-11
1	26	 4.87503e-11
1	27	 4.81819e-11
1	28	 4.74429e-11
1	29	 4.65192e-11
1	30	 4.54037e-11
1	31	 4.41176e-11
1	32	 4.26752e-11
1	33	 4.10481e-11
1	34	 3.92717e-11
1	35	 3.73532e-11
1	36	 3.52642e-11
1	37	 3.30616e-11
1	38	 3.07168e-11
1	39	 2.82654e-11
1	40	 2.56932e-11

2	0	 1.01092e-11
2	1	 1.61755e-11
2	2	 2.21725e-11
2	3	 2.80735e-11
2	4	 3.38964e-11
2	5	 3.95701e-11
2	6	 4.50981e-11
2	7	 5.04414e-11
2	8	    5.56e-11
2	9	 6.05453e-11
2	10	  6.5242e-11
2	11	 6.96829e-11
2	12	 7.38751e-11
2	13	 7.77476e-11
2	14	   8.135e-11
2	15	 8.46327e-11
2	16	 8.75815e-11
2	17	 9.01821e-11
2	18	 9.24487e-11
2	19	 9.43388e-11
2	20	 9.58735e-11
2	21	  9.7053e-11
2	22	 9.78204e-11
2	23	 9.82254e-11
2	24	 9.82823e-11
2	25	 9.79199e-11
2	26	  9.7188e-11
2	27	 9.60725e-11
2	28	 9.45874e-11
2	29	 9.27542e-11
2	30	 9.05445e-11
2	31	 8.79794e-11
2	32	 8.50804e-11
2	33	 8.18474e-11
2	34	 7.83089e-11
2	35	 7.44507e-11
2	36	 7.03295e-11
2	37	 6.59028e-11
2	38	 6.12417e-11
2	39	 5.63496e-11
2	40	 5.12266e-11

3	0	 1.50848e-11
3	1	 2.41336e-11
3	2	 3.30971e-11
3	3	 4.19149e-11
3	4	 5.05764e-11
3	5	 5.90568e-11
3	6	 6.72919e-11
3	7	 7.52891e-11
3	8	 8.29772e-11
3	9	 9.03242e-11
3	10	 9.73372e-11
3	11	 1.03981e-10
3	12	 1.10234e-10
3	13	 1.16017e-10
3	14	  1.2141e-10
3	15	 1.26299e-10
3	16	 1.30697e-10
3	17	 1.34591e-10
3	18	 1.37959e-10
3	19	 1.40794e-10
3	20	 1.43082e-10
3	21	 1.44823e-10
3	22	 1.46009e-10
3	23	 1.46606e-10
3	24	 1.46649e-10
3	25	 1.46123e-10
3	26	 1.45029e-10
3	27	  1.4338e-10
3	28	 1.41164e-10
3	29	 1.38421e-10
3	30	 1.35103e-10
3	31	 1.31287e-10
3	32	 1.26974e-10
3	33	 1.22157e-10
3	34	 1.16863e-10
3	35	 1.11115e-10
3	36	 1.04933e-10
3	37	 9.83569e-11
3	38	 9.14007e-11
3	39	 8.40892e-11
3	40	 7.64437e-11

4	0	  1.9968e-11
4	1	 3.19496e-11
4	2	  4.3805e-11
4	3	 5.54863e-11
4	4	  6.6958e-11
4	5	  7.8181e-11
4	6	 8.90843e-11
4	7	  9.9643e-11
4	8	 1.09829e-10
4	9	  1.1957e-10
4	10	 1.28878e-10
4	11	 1.37653e-10
4	12	  1.4591e-10
4	13	 1.53591e-10
4	14	 1.60696e-10
4	15	 1.67169e-10
4	16	 1.72996e-10
4	17	 1.78161e-10
4	18	 1.82609e-10
4	19	 1.86361e-10
4	20	 1.89416e-10
4	21	 1.91712e-10
4	22	 1.93261e-10
4	23	 1.94071e-10
4	24	  1.9412e-10
4	25	 1.93431e-10
4	26	 1.91996e-10
4	27	 1.89793e-10
4	28	 1.86866e-10
4	29	 1.83221e-10
4	30	 1.78858e-10
4	31	 1.73806e-10
4	32	 1.68058e-10
4	33	 1.61691e-10
4	34	 1.54674e-10
4	35	 1.47086e-10
4	36	 1.38908e-10
4	37	 1.30186e-10
4	38	 1.20981e-10
4	39	 1.11292e-10
4	40	 1.01174e-10

5	0	 2.47269e-11
5	1	 3.95648e-11
5	2	 5.42499e-11
5	3	 6.87166e-11
5	4	 8.29417e-11
5	5	 9.68221e-11
5	6	 1.10319e-10
5	7	 1.23407e-10
5	8	 1.36009e-10
5	9	 1.48088e-10
5	10	 1.59581e-10
5	11	 1.70456e-10
5	12	 1.80695e-10
5	13	 1.90223e-10
5	14	 1.99012e-10
5	15	 2.07017e-10
5	16	 2.14257e-10
5	17	 2.20631e-10
5	18	 2.26159e-10
5	19	 2.30777e-10
5	20	 2.34557e-10
5	21	 2.37399e-10
5	22	 2.39332e-10
5	23	 2.40341e-10
5	24	 2.40405e-10
5	25	 2.39538e-10
5	26	  2.3774e-10
5	27	 2.35033e-10
5	28	  2.3141e-10
5	29	 2.26883e-10
5	30	 2.21469e-10
5	31	 2.15231e-10
5	32	 2.08143e-10
5	33	 2.00252e-10
5	34	 1.91548e-10
5	35	 1.82148e-10
5	36	 1.72012e-10
5	37	 1.61229e-10
5	38	 1.49814e-10
5	39	 1.37828e-10
5	40	 1.25297e-10

6	0	 2.93356e-11
6	1	 4.69367e-11
6	2	 6.43521e-11
6	3	 8.15277e-11
6	4	 9.83817e-11
6	5	 1.14866e-10
6	6	 1.30882e-10
6	7	 1.46404e-10
6	8	 1.61343e-10
6	9	 1.75685e-10
6	10	 1.89324e-10
6	11	 2.02242e-10
6	12	 2.14364e-10
6	13	 2.25654e-10
6	14	 2.36103e-10
6	15	 2.45606e-10
6	16	 2.54147e-10
6	17	 2.61725e-10
6	18	 2.68301e-10
6	19	 2.73808e-10
6	20	  2.7827e-10
6	21	 2.81645e-10
6	22	 2.83919e-10
6	23	 2.85119e-10
6	24	 2.85183e-10
6	25	 2.84167e-10
6	26	  2.8205e-10
6	27	 2.78821e-10
6	28	 2.74525e-10
6	29	 2.69171e-10
6	30	 2.62752e-10
6	31	 2.55337e-10
6	32	 2.46906e-10
6	33	 2.37552e-10
6	34	  2.2726e-10
6	35	 2.16087e-10
6	36	 2.04086e-10
6	37	 1.91275e-10
6	38	 1.77735e-10
6	39	 1.63514e-10
6	40	 1.48649e-10

7	0	 3.37632e-11
7	1	 5.40208e-11
7	2	  7.4067e-11
7	3	 9.38289e-11
7	4	 1.13229e-10
7	5	 1.32179e-10
7	6	 1.50628e-10
7	7	 1.68484e-10
7	8	  1.8569e-10
7	9	 2.02192e-10
7	10	 2.17909e-10
7	11	 2.32756e-10
7	12	 2.46715e-10
7	13	 2.59718e-10
7	14	 2.71726e-10
7	15	  2.8265e-10
7	16	 2.92516e-10
7	17	 3.01242e-10
7	18	 3.08773e-10
7	19	 3.15119e-10
7	20	 3.20259e-10
7	21	 3.24128e-10
7	22	 3.26782e-10
7	23	 3.28125e-10
7	24	 3.28225e-10
7	25	 3.27059e-10
7	26	 3.24604e-10
7	27	 3.20902e-10
7	28	 3.15964e-10
7	29	 3.09804e-10
7	30	 3.02421e-10
7	31	 2.93866e-10
7	32	 2.84196e-10
7	33	 2.73406e-10
7	34	 2.61547e-10
7	35	 2.48694e-10
7	36	 2.34881e-10
7	37	 2.20147e-10
7	38	 2.04555e-10
7	39	 1.88184e-10
7	40	 1.71074e-10

8	0	 3.79803e-11
8	1	 6.07683e-11
8	2	 8.33253e-11
8	3	  1.0556e-10
8	4	 1.27374e-10
8	5	 1.48695e-10
8	6	 1.69454e-10
8	7	 1.89541e-10
8	8	 2.08907e-10
8	9	 2.27459e-10
8	10	 2.45116e-10
8	11	 2.61839e-10
8	12	 2.77552e-10
8	13	 2.92172e-10
8	14	  3.0569e-10
8	15	 3.17982e-10
8	16	 3.29059e-10
8	17	 3.38865e-10
8	18	 3.47345e-10
8	19	 3.54486e-10
8	20	  3.6027e-10
8	21	 3.64654e-10
8	22	 3.67599e-10
8	23	 3.69134e-10
8	24	 3.69269e-10
8	25	 3.67905e-10
8	26	 3.65155e-10
8	27	 3.60995e-10
8	28	 3.55442e-10
8	29	 3.48471e-10
8	30	 3.40201e-10
8	31	 3.30587e-10
8	32	 3.19691e-10
8	33	 3.07562e-10
8	34	 2.94232e-10
8	35	 2.79773e-10
8	36	 2.64219e-10
8	37	 2.47642e-10
8	38	  2.3012e-10
8	39	 2.11699e-10
8	40	  1.9245e-10

9	0	 4.19647e-11
9	1	 6.71427e-11
9	2	 9.20615e-11
9	3	 1.16628e-10
9	4	 1.40737e-10
9	5	 1.64288e-10
9	6	 1.87221e-10
9	7	 2.09422e-10
9	8	 2.30816e-10
9	9	 2.51308e-10
9	10	 2.70838e-10
9	11	 2.89315e-10
9	12	 3.06663e-10
9	13	 3.22821e-10
9	14	 3.37735e-10
9	15	 3.51335e-10
9	16	 3.63585e-10
9	17	 3.74428e-10
9	18	 3.83803e-10
9	19	  3.9168e-10
9	20	 3.98071e-10
9	21	 4.02892e-10
9	22	 4.06175e-10
9	23	 4.07852e-10
9	24	 4.07972e-10
9	25	 4.06516e-10
9	26	 4.03475e-10
9	27	 3.98863e-10
9	28	  3.9271e-10
9	29	 3.85047e-10
9	30	 3.75877e-10
9	31	 3.65265e-10
9	32	 3.53232e-10
9	33	 3.39821e-10
9	34	 3.25105e-10
9	35	 3.09122e-10
9	36	 2.91944e-10
9	37	 2.73623e-10
9	38	 2.54257e-10
9	39	 2.33904e-10
9	40	 2.12641e-10

10	0	 4.56906e-11
10	1	 7.31051e-11
10	2	 1.00233e-10
10	3	 1.26983e-10
10	4	 1.53232e-10
10	5	 1.78888e-10
10	6	 2.03844e-10
10	7	  2.2802e-10
10	8	 2.51315e-10
10	9	  2.7363e-10
10	10	 2.94875e-10
10	11	 3.14998e-10
10	12	 3.33877e-10
10	13	 3.51498e-10
10	14	 3.67709e-10
10	15	 3.82521e-10
10	16	 3.95858e-10
10	17	 4.07656e-10
10	18	  4.1787e-10
10	19	 4.26457e-10
10	20	 4.33396e-10
10	21	 4.38668e-10
10	22	  4.4222e-10
10	23	 4.44071e-10
10	24	 4.44203e-10
10	25	 4.42608e-10
10	26	 4.39307e-10
10	27	 4.34277e-10
10	28	  4.2759e-10
10	29	  4.1922e-10
10	30	 4.09248e-10
10	31	 3.97694e-10
10	32	 3.84606e-10
10	33	 3.69994e-10
10	34	 3.53971e-10
10	35	 3.36563e-10
10	36	 3.17858e-10
10	37	 2.97913e-10
10	38	 2.76835e-10
10	39	 2.54666e-10
10	40	 2.31514e-10

11	0	 4.91345e-11
11	1	 7.86162e-11
11	2	 1.07795e-10
11	3	 1.36547e-10
11	4	  1.6478e-10
11	5	 1.92367e-10
11	6	  2.1921e-10
11	7	 2.45208e-10
11	8	 2.70255e-10
11	9	 2.94243e-10
11	10	 3.17105e-10
11	11	 3.38733e-10
11	12	 3.59062e-10
11	13	  3.7798e-10
11	14	 3.95435e-10
11	15	 4.11369e-10
11	16	  4.2569e-10
11	17	 4.38384e-10
11	18	 4.49351e-10
11	19	 4.58606e-10
11	20	 4.66081e-10
11	21	 4.71733e-10
11	22	 4.75563e-10
11	23	 4.77545e-10
11	24	 4.77691e-10
11	25	 4.75964e-10
11	26	 4.72422e-10
11	27	 4.67018e-10
11	28	 4.59814e-10
11	29	 4.50825e-10
11	30	   4.401e-10
11	31	 4.27672e-10
11	32	 4.13586e-10
11	33	 3.97886e-10
11	34	 3.80645e-10
11	35	 3.61936e-10
11	36	 3.41821e-10
11	37	  3.2038e-10
11	38	   2.977e-10
11	39	 2.73861e-10
11	40	 2.48965e-10

12	0	 5.22755e-11
12	1	 8.36406e-11
12	2	  1.1468e-10
12	3	 1.45274e-10
12	4	 1.75314e-10
12	5	  2.0467e-10
12	6	 2.33221e-10
12	7	 2.60883e-10
12	8	 2.87532e-10
12	9	 3.13054e-10
12	10	  3.3738e-10
12	11	 3.60384e-10
12	12	 3.82016e-10
12	13	 4.02142e-10
12	14	 4.20727e-10
12	15	 4.37677e-10
12	16	 4.52914e-10
12	17	 4.66404e-10
12	18	 4.78092e-10
12	19	 4.87912e-10
12	20	 4.95863e-10
12	21	 5.01895e-10
12	22	 5.05946e-10
12	23	  5.0807e-10
12	24	 5.08209e-10
12	25	   5.064e-10
12	26	 5.02606e-10
12	27	 4.96875e-10
12	28	 4.89216e-10
12	29	 4.79666e-10
12	30	 4.68248e-10
12	31	  4.5501e-10
12	32	 4.40011e-10
12	33	 4.23331e-10
12	34	 4.04981e-10
12	35	 3.85079e-10
12	36	 3.63674e-10
12	37	 3.40862e-10
12	38	 3.16732e-10
12	39	 2.91376e-10
12	40	 2.64889e-10

13	0	 5.50933e-11
13	1	  8.8149e-11
13	2	 1.20864e-10
13	3	  1.5311e-10
13	4	 1.84766e-10
13	5	 2.15703e-10
13	6	 2.45807e-10
13	7	 2.74945e-10
13	8	 3.03039e-10
13	9	 3.29948e-10
13	10	 3.55573e-10
13	11	 3.79821e-10
13	12	 4.02604e-10
13	13	 4.23832e-10
13	14	 4.43404e-10
13	15	 4.61252e-10
13	16	 4.77328e-10
13	17	 4.91557e-10
13	18	 5.03864e-10
13	19	  5.1423e-10
13	20	 5.22604e-10
13	21	 5.28942e-10
13	22	 5.33234e-10
13	23	 5.35476e-10
13	24	 5.35625e-10
13	25	 5.33699e-10
13	26	 5.29717e-10
13	27	 5.23677e-10
13	28	 5.15588e-10
13	29	 5.05516e-10
13	30	 4.93486e-10
13	31	 4.79545e-10
13	32	  4.6375e-10
13	33	 4.46143e-10
13	34	 4.26823e-10
13	35	 4.05837e-10
13	36	 3.83274e-10
13	37	 3.59233e-10
13	38	 3.33799e-10
13	39	 3.07079e-10
13	40	 2.79163e-10

14	0	 5.75735e-11
14	1	 9.21174e-11
14	2	 1.26303e-10
14	3	     1.6e-10
14	4	 1.93086e-10
14	5	 2.25409e-10
14	6	 2.56867e-10
14	7	 2.87324e-10
14	8	 3.16682e-10
14	9	 3.44798e-10
14	10	 3.71564e-10
14	11	 3.96909e-10
14	12	  4.2073e-10
14	13	 4.42899e-10
14	14	 4.63338e-10
14	15	 4.82018e-10
14	16	 4.98801e-10
14	17	 5.13673e-10
14	18	 5.26551e-10
14	19	 5.37376e-10
14	20	 5.46102e-10
14	21	 5.52756e-10
14	22	 5.57215e-10
14	23	 5.59567e-10
14	24	  5.5973e-10
14	25	 5.57723e-10
14	26	 5.53545e-10
14	27	 5.47239e-10
14	28	 5.38805e-10
14	29	 5.28271e-10
14	30	 5.15691e-10
14	31	 5.01128e-10
14	32	 4.84622e-10
14	33	 4.66223e-10
14	34	 4.46025e-10
14	35	 4.24098e-10
14	36	 4.00533e-10
14	37	 3.75405e-10
14	38	  3.4882e-10
14	39	 3.20904e-10
14	40	 2.91729e-10

15	0	 5.96967e-11
15	1	 9.55147e-11
15	2	 1.30966e-10
15	3	 1.65906e-10
15	4	 2.00204e-10
15	5	 2.33724e-10
15	6	 2.66352e-10
15	7	 2.97927e-10
15	8	  3.2836e-10
15	9	  3.5751e-10
15	10	 3.85281e-10
15	11	 4.11564e-10
15	12	 4.36238e-10
15	13	 4.59242e-10
15	14	 4.80455e-10
15	15	 4.99796e-10
15	16	 5.17211e-10
15	17	  5.3263e-10
15	18	 5.45963e-10
15	19	 5.57197e-10
15	20	 5.66263e-10
15	21	 5.73142e-10
15	22	 5.77785e-10
15	23	 5.80204e-10
15	24	 5.80371e-10
15	25	 5.78286e-10
15	26	 5.73959e-10
15	27	 5.67422e-10
15	28	 5.58675e-10
15	29	 5.47747e-10
15	30	 5.34712e-10
15	31	 5.19613e-10
15	32	 5.02496e-10
15	33	 4.83421e-10
15	34	 4.62475e-10
15	35	 4.39751e-10
15	36	 4.15294e-10
15	37	 3.89246e-10
15	38	 3.61691e-10
15	39	 3.32735e-10
15	40	 3.02487e-10

16	0	  6.1454e-11
16	1	 9.83258e-11
16	2	 1.34814e-10
16	3	 1.70785e-10
16	4	 2.06091e-10
16	5	 2.40599e-10
16	6	 2.74175e-10
16	7	 3.06693e-10
16	8	 3.38014e-10
16	9	 3.68026e-10
16	10	 3.96607e-10
16	11	 4.23665e-10
16	12	 4.49081e-10
16	13	 4.72763e-10
16	14	 4.94587e-10
16	15	 5.14504e-10
16	16	  5.3242e-10
16	17	 5.48283e-10
16	18	 5.62022e-10
16	19	   5.736e-10
16	20	 5.82922e-10
16	21	 5.90003e-10
16	22	 5.94795e-10
16	23	 5.97279e-10
16	24	 5.97442e-10
16	25	 5.95307e-10
16	26	 5.90852e-10
16	27	 5.84116e-10
16	28	  5.7511e-10
16	29	 5.63873e-10
16	30	 5.50468e-10
16	31	 5.34893e-10
16	32	 5.17272e-10
16	33	 4.97636e-10
16	34	 4.76078e-10
16	35	 4.52687e-10
16	36	 4.27523e-10
16	37	 4.00709e-10
16	38	 3.72346e-10
16	39	 3.42526e-10
16	40	 3.11386e-10

17	0	 6.28306e-11
17	1	 1.00529e-10
17	2	 1.37838e-10
17	3	 1.74616e-10
17	4	 2.10713e-10
17	5	 2.45992e-10
17	6	 2.80325e-10
17	7	 3.13555e-10
17	8	 3.45587e-10
17	9	 3.76279e-10
17	10	 4.05496e-10
17	11	 4.33154e-10
17	12	 4.59149e-10
17	13	  4.8334e-10
17	14	 5.05679e-10
17	15	  5.2604e-10
17	16	 5.44365e-10
17	17	 5.60579e-10
17	18	 5.74627e-10
17	19	  5.8645e-10
17	20	 5.95989e-10
17	21	 6.03219e-10
17	22	 6.08125e-10
17	23	 6.10676e-10
17	24	 6.10836e-10
17	25	 6.08651e-10
17	26	 6.04089e-10
17	27	 5.97211e-10
17	28	 5.87985e-10
17	29	  5.7651e-10
17	30	 5.62792e-10
17	31	 5.46887e-10
17	32	 5.28864e-10
17	33	 5.08784e-10
17	34	 4.86757e-10
17	35	 4.62819e-10
17	36	 4.37108e-10
17	37	 4.09678e-10
17	38	 3.80671e-10
17	39	 3.50205e-10
17	40	 3.18368e-10

18	0	 6.38201e-11
18	1	 1.02112e-10
18	2	 1.40012e-10
18	3	 1.77367e-10
18	4	  2.1403e-10
18	5	 2.49866e-10
18	6	 2.84734e-10
18	7	 3.18501e-10
18	8	 3.51033e-10
18	9	 3.82201e-10
18	10	 4.11891e-10
18	11	 4.39986e-10
18	12	 4.66368e-10
18	13	 4.90953e-10
18	14	 5.13634e-10
18	15	  5.3431e-10
18	16	 5.52948e-10
18	17	 5.69401e-10
18	18	 5.83686e-10
18	19	 5.95673e-10
18	20	 6.05375e-10
18	21	 6.12722e-10
18	22	   6.177e-10
18	23	 6.20282e-10
18	24	 6.20467e-10
18	25	 6.18225e-10
18	26	 6.13618e-10
18	27	 6.06615e-10
18	28	 5.97254e-10
18	29	 5.85587e-10
18	30	 5.71667e-10
18	31	 5.55502e-10
18	32	 5.37188e-10
18	33	 5.16803e-10
18	34	 4.94435e-10
18	35	 4.70106e-10
18	36	 4.43979e-10
18	37	 4.16129e-10
18	38	 3.86681e-10
18	39	 3.55721e-10
18	40	 3.23382e-10

19	0	 6.44178e-11
19	1	 1.03068e-10
19	2	 1.41316e-10
19	3	 1.79025e-10
19	4	 2.16033e-10
19	5	 2.52204e-10
19	6	 2.87402e-10
19	7	 3.21476e-10
19	8	 3.54316e-10
19	9	 3.85784e-10
19	10	 4.15746e-10
19	11	 4.44086e-10
19	12	 4.70727e-10
19	13	 4.95543e-10
19	14	 5.18437e-10
19	15	 5.39313e-10
19	16	 5.58106e-10
19	17	  5.7474e-10
19	18	 5.89132e-10
19	19	 6.01254e-10
19	20	 6.11038e-10
19	21	 6.18449e-10
19	22	 6.23466e-10
19	23	  6.2607e-10
19	24	 6.26262e-10
19	25	 6.24013e-10
19	26	 6.19359e-10
19	27	 6.12282e-10
19	28	 6.02842e-10
19	29	 5.91054e-10
19	30	 5.76986e-10
19	31	 5.60682e-10
19	32	 5.42222e-10
19	33	 5.21649e-10
19	34	 4.99043e-10
19	35	 4.74493e-10
19	36	 4.48125e-10
19	37	 4.20023e-10
19	38	 3.90285e-10
19	39	 3.59044e-10
19	40	 3.26404e-10

20	0	 6.46168e-11
20	1	 1.03388e-10
20	2	 1.41753e-10
20	3	 1.79577e-10
20	4	 2.16698e-10
20	5	 2.52985e-10
20	6	 2.88285e-10
20	7	 3.22464e-10
20	8	 3.55412e-10
20	9	 3.86972e-10
20	10	 4.17025e-10
20	11	 4.45475e-10
20	12	 4.72181e-10
20	13	 4.97078e-10
20	14	 5.20032e-10
20	15	 5.40979e-10
20	16	 5.59822e-10
20	17	 5.76506e-10
20	18	 5.90951e-10
20	19	 6.03094e-10
20	20	 6.12928e-10
20	21	 6.20382e-10
20	22	 6.25402e-10
20	23	 6.28017e-10
20	24	 6.28198e-10
20	25	 6.25921e-10
20	26	 6.21256e-10
20	27	 6.14175e-10
20	28	   6.047e-10
20	29	 5.92884e-10
20	30	 5.78769e-10
20	31	 5.62423e-10
20	32	 5.43903e-10
20	33	 5.23247e-10
20	34	 5.00588e-10
20	35	 4.75978e-10
20	36	 4.49518e-10
20	37	 4.21329e-10
20	38	 3.91493e-10
20	39	 3.60149e-10
20	40	 3.27407e-10

21	0	 6.44169e-11
21	1	 1.03067e-10
21	2	 1.41319e-10
21	3	 1.79019e-10
21	4	 2.16026e-10
21	5	 2.52204e-10
21	6	 2.87395e-10
21	7	  3.2148e-10
21	8	 3.54307e-10
21	9	 3.85775e-10
21	10	 4.15742e-10
21	11	 4.44089e-10
21	12	 4.70735e-10
21	13	 4.95557e-10
21	14	 5.18444e-10
21	15	 5.39313e-10
21	16	 5.58106e-10
21	17	 5.74726e-10
21	18	 5.89118e-10
21	19	 6.01243e-10
21	20	 6.11024e-10
21	21	 6.18464e-10
21	22	 6.23473e-10
21	23	 6.26081e-10
21	24	 6.26258e-10
21	25	 6.24016e-10
21	26	 6.19337e-10
21	27	 6.12268e-10
21	28	 6.02839e-10
21	29	 5.91058e-10
21	30	 5.76989e-10
21	31	 5.60686e-10
21	32	 5.42212e-10
21	33	 5.21638e-10
21	34	 4.99035e-10
21	35	 4.74493e-10
21	36	 4.48143e-10
21	37	 4.20034e-10
21	38	 3.90294e-10
21	39	 3.59043e-10
21	40	 3.26404e-10

22	0	 6.38205e-11
22	1	 1.02113e-10
22	2	 1.40008e-10
22	3	 1.77363e-10
22	4	 2.14035e-10
22	5	 2.49871e-10
22	6	 2.84739e-10
22	7	 3.18501e-10
22	8	 3.51031e-10
22	9	 3.82208e-10
22	10	 4.11893e-10
22	11	 4.39989e-10
22	12	 4.66375e-10
22	13	 4.90964e-10
22	14	 5.13619e-10
22	15	 5.34317e-10
22	16	 5.52934e-10
22	17	 5.69401e-10
22	18	 5.83679e-10
22	19	 5.95687e-10
22	20	 6.05386e-10
22	21	 6.12726e-10
22	22	   6.177e-10
22	23	 6.20293e-10
22	24	 6.20453e-10
22	25	 6.18233e-10
22	26	 6.13603e-10
22	27	 6.06597e-10
22	28	 5.97261e-10
22	29	 5.85587e-10
22	30	 5.71653e-10
22	31	 5.55509e-10
22	32	 5.37195e-10
22	33	 5.16806e-10
22	34	 4.94428e-10
22	35	 4.70113e-10
22	36	  4.4399e-10
22	37	 4.16136e-10
22	38	 3.86679e-10
22	39	 3.55719e-10
22	40	  3.2338e-10

23	0	 6.28306e-11
23	1	 1.00528e-10
23	2	 1.37836e-10
23	3	 1.74613e-10
23	4	 2.10711e-10
23	5	 2.45993e-10
23	6	  2.8032e-10
23	7	 3.13561e-10
23	8	 3.45588e-10
23	9	  3.7628e-10
23	10	 4.05494e-10
23	11	 4.33168e-10
23	12	 4.59146e-10
23	13	 4.83332e-10
23	14	 5.05668e-10
23	15	 5.26029e-10
23	16	 5.44361e-10
23	17	 5.60576e-10
23	18	 5.74619e-10
23	19	 5.86446e-10
23	20	 5.95982e-10
23	21	 6.03219e-10
23	22	 6.08125e-10
23	23	 6.10665e-10
23	24	 6.10832e-10
23	25	 6.08651e-10
23	26	   6.041e-10
23	27	 5.97197e-10
23	28	 5.87999e-10
23	29	 5.76499e-10
23	30	 5.62796e-10
23	31	 5.46883e-10
23	32	 5.28853e-10
23	33	 5.08798e-10
23	34	 4.86754e-10
23	35	 4.62833e-10
23	36	  4.3711e-10
23	37	 4.09685e-10
23	38	 3.80682e-10
23	39	 3.50205e-10
23	40	 3.18369e-10

24	0	 6.14535e-11
24	1	 9.83258e-11
24	2	 1.34819e-10
24	3	 1.70787e-10
24	4	 2.06093e-10
24	5	 2.40599e-10
24	6	 2.74179e-10
24	7	 3.06683e-10
24	8	 3.38012e-10
24	9	 3.68036e-10
24	10	 3.96621e-10
24	11	 4.23672e-10
24	12	  4.4907e-10
24	13	 4.72745e-10
24	14	  4.9458e-10
24	15	 5.14497e-10
24	16	 5.32438e-10
24	17	  5.4829e-10
24	18	 5.62032e-10
24	19	 5.73589e-10
24	20	 5.82929e-10
24	21	 5.90003e-10
24	22	 5.94792e-10
24	23	 5.97279e-10
24	24	 5.97446e-10
24	25	 5.95314e-10
24	26	 5.90848e-10
24	27	 5.84112e-10
24	28	  5.7511e-10
24	29	 5.63865e-10
24	30	 5.50454e-10
24	31	 5.34893e-10
24	32	 5.17282e-10
24	33	 4.97639e-10
24	34	 4.76085e-10
24	35	 4.52676e-10
24	36	 4.27523e-10
24	37	 4.00703e-10
24	38	 3.72339e-10
24	39	 3.42528e-10
24	40	 3.11388e-10

25	0	 5.96962e-11
25	1	 9.55138e-11
25	2	 1.30961e-10
25	3	 1.65906e-10
25	4	 2.00203e-10
25	5	 2.33724e-10
25	6	 2.66343e-10
25	7	 2.97929e-10
25	8	 3.28352e-10
25	9	  3.5752e-10
25	10	 3.85292e-10
25	11	 4.11564e-10
25	12	 4.36241e-10
25	13	 4.59242e-10
25	14	 4.80437e-10
25	15	 4.99806e-10
25	16	 5.17215e-10
25	17	  5.3263e-10
25	18	 5.45963e-10
25	19	 5.57193e-10
25	20	 5.66267e-10
25	21	 5.73142e-10
25	22	 5.77785e-10
25	23	 5.80208e-10
25	24	 5.80375e-10
25	25	 5.78297e-10
25	26	 5.73969e-10
25	27	 5.67422e-10
25	28	 5.58675e-10
25	29	 5.47757e-10
25	30	 5.34733e-10
25	31	 5.19609e-10
25	32	 5.02489e-10
25	33	 4.83411e-10
25	34	 4.62482e-10
25	35	 4.39744e-10
25	36	 4.15302e-10
25	37	 3.89258e-10
25	38	 3.61691e-10
25	39	  3.3274e-10
25	40	  3.0249e-10

26	0	 5.75731e-11
26	1	 9.21165e-11
26	2	 1.26306e-10
26	3	     1.6e-10
26	4	 1.93081e-10
26	5	 2.25409e-10
26	6	 2.56863e-10
26	7	 2.87324e-10
26	8	 3.16671e-10
26	9	 3.44787e-10
26	10	 3.71568e-10
26	11	 3.96916e-10
26	12	 4.20727e-10
26	13	 4.42895e-10
26	14	 4.63352e-10
26	15	 4.82018e-10
26	16	 4.98801e-10
26	17	 5.13676e-10
26	18	  5.2653e-10
26	19	 5.37369e-10
26	20	 5.46109e-10
26	21	 5.52749e-10
26	22	  5.5724e-10
26	23	 5.59567e-10
26	24	 5.59726e-10
26	25	 5.57719e-10
26	26	 5.53552e-10
26	27	 5.47232e-10
26	28	  5.3879e-10
26	29	 5.28274e-10
26	30	 5.15694e-10
26	31	 5.01124e-10
26	32	 4.84608e-10
26	33	 4.66216e-10
26	34	 4.46022e-10
26	35	 4.24087e-10
26	36	 4.00512e-10
26	37	 3.75399e-10
26	38	  3.4883e-10
26	39	 3.20904e-10
26	40	 2.91729e-10

27	0	 5.50946e-11
27	1	 8.81508e-11
27	2	 1.20868e-10
27	3	 1.53114e-10
27	4	 1.84766e-10
27	5	 2.15699e-10
27	6	 2.45803e-10
27	7	 2.74948e-10
27	8	 3.03029e-10
27	9	 3.29946e-10
27	10	  3.5557e-10
27	11	 3.79806e-10
27	12	 4.02608e-10
27	13	 4.23825e-10
27	14	 4.43418e-10
27	15	 4.61263e-10
27	16	 4.77328e-10
27	17	 4.91557e-10
27	18	 5.03864e-10
27	19	 5.14227e-10
27	20	 5.22611e-10
27	21	 5.28946e-10
27	22	 5.33248e-10
27	23	 5.35476e-10
27	24	 5.35621e-10
27	25	 5.33703e-10
27	26	 5.29706e-10
27	27	 5.23663e-10
27	28	 5.15598e-10
27	29	 5.05516e-10
27	30	  4.9349e-10
27	31	 4.79549e-10
27	32	 4.63743e-10
27	33	 4.46143e-10
27	34	 4.26823e-10
27	35	 4.05844e-10
27	36	 3.83277e-10
27	37	 3.59236e-10
27	38	 3.33809e-10
27	39	 3.07084e-10
27	40	 2.79169e-10

28	0	 5.22764e-11
28	1	 8.36424e-11
28	2	 1.14682e-10
28	3	 1.45276e-10
28	4	 1.75314e-10
28	5	 2.04672e-10
28	6	 2.33225e-10
28	7	 2.60883e-10
28	8	 2.87541e-10
28	9	 3.13065e-10
28	10	  3.3738e-10
28	11	 3.60405e-10
28	12	 3.82016e-10
28	13	 4.02146e-10
28	14	 4.20719e-10
28	15	 4.37673e-10
28	16	 4.52907e-10
28	17	 4.66411e-10
28	18	 4.78085e-10
28	19	 4.87933e-10
28	20	  4.9587e-10
28	21	 5.01885e-10
28	22	 5.05963e-10
28	23	 5.08081e-10
28	24	 5.08226e-10
28	25	 5.06397e-10
28	26	 5.02602e-10
28	27	 4.96872e-10
28	28	 4.89219e-10
28	29	 4.79659e-10
28	30	 4.68233e-10
28	31	    4.55e-10
28	32	 4.40021e-10
28	33	 4.23313e-10
28	34	 4.04981e-10
28	35	 3.85075e-10
28	36	  3.6367e-10
28	37	 3.40851e-10
28	38	 3.16723e-10
28	39	 2.91367e-10
28	40	  2.6488e-10

29	0	 4.91354e-11
29	1	 7.86162e-11
29	2	 1.07792e-10
29	3	 1.36552e-10
29	4	 1.64778e-10
29	5	 1.92372e-10
29	6	 2.19215e-10
29	7	  2.4521e-10
29	8	 2.70257e-10
29	9	 2.94257e-10
29	10	 3.17115e-10
29	11	 3.38733e-10
29	12	 3.59066e-10
29	13	  3.7798e-10
29	14	 3.95435e-10
29	15	 4.11355e-10
29	16	 4.25707e-10
29	17	 4.38384e-10
29	18	 4.49358e-10
29	19	 4.58606e-10
29	20	 4.66066e-10
29	21	 4.71726e-10
29	22	 4.75556e-10
29	23	 4.77534e-10
29	24	 4.77687e-10
29	25	 4.75968e-10
29	26	 4.72411e-10
29	27	 4.67011e-10
29	28	 4.59821e-10
29	29	 4.50829e-10
29	30	   4.401e-10
29	31	 4.27676e-10
29	32	 4.13575e-10
29	33	 3.97876e-10
29	34	 3.80638e-10
29	35	 3.61943e-10
29	36	 3.41824e-10
29	37	 3.20384e-10
29	38	 2.97707e-10
29	39	 2.73861e-10
29	40	 2.48964e-10

30	0	 4.56901e-11
30	1	 7.31042e-11
30	2	 1.00236e-10
30	3	 1.26976e-10
30	4	 1.53225e-10
30	5	 1.78883e-10
30	6	 2.03855e-10
30	7	 2.28033e-10
30	8	 2.51298e-10
30	9	 2.73626e-10
30	10	 2.94879e-10
30	11	 3.14994e-10
30	12	 3.33898e-10
30	13	 3.51481e-10
30	14	 3.67724e-10
30	15	 3.82542e-10
30	16	 3.95865e-10
30	17	 4.07649e-10
30	18	 4.17863e-10
30	19	 4.26464e-10
30	20	 4.33396e-10
30	21	 4.38657e-10
30	22	  4.4222e-10
30	23	 4.44068e-10
30	24	 4.44203e-10
30	25	 4.42608e-10
30	26	 4.39289e-10
30	27	 4.34284e-10
30	28	 4.27587e-10
30	29	 4.19227e-10
30	30	 4.09262e-10
30	31	 3.97691e-10
30	32	 3.84588e-10
30	33	 3.70001e-10
30	34	 3.53971e-10
30	35	  3.3657e-10
30	36	 3.17858e-10
30	37	 2.97927e-10
30	38	 2.76831e-10
30	39	 2.54673e-10
30	40	  2.3152e-10

31	0	 4.19638e-11
31	1	 6.71427e-11
31	2	 9.20624e-11
31	3	  1.1662e-10
31	4	 1.40735e-10
31	5	 1.64295e-10
31	6	 1.87228e-10
31	7	 2.09434e-10
31	8	 2.30813e-10
31	9	 2.51323e-10
31	10	  2.7083e-10
31	11	 2.89312e-10
31	12	  3.0666e-10
31	13	 3.22821e-10
31	14	 3.37735e-10
31	15	 3.51342e-10
31	16	 3.63585e-10
31	17	  3.7441e-10
31	18	 3.83789e-10
31	19	 3.91694e-10
31	20	 3.98053e-10
31	21	 4.02913e-10
31	22	 4.06168e-10
31	23	 4.07866e-10
31	24	 4.07983e-10
31	25	 4.06516e-10
31	26	 4.03471e-10
31	27	 3.98874e-10
31	28	 3.92717e-10
31	29	  3.8505e-10
31	30	 3.75881e-10
31	31	 3.65265e-10
31	32	 3.53232e-10
31	33	 3.39821e-10
31	34	 3.25109e-10
31	35	 3.09125e-10
31	36	 2.91941e-10
31	37	 2.73637e-10
31	38	 2.54257e-10
31	39	 2.33902e-10
31	40	 2.12637e-10

32	0	 3.79812e-11
32	1	 6.07692e-11
32	2	 8.33218e-11
32	3	 1.05551e-10
32	4	 1.27374e-10
32	5	 1.48704e-10
32	6	 1.69452e-10
32	7	 1.89548e-10
32	8	 2.08907e-10
32	9	 2.27452e-10
32	10	 2.45112e-10
32	11	 2.61835e-10
32	12	 2.77549e-10
32	13	 2.92175e-10
32	14	 3.05665e-10
32	15	 3.17982e-10
32	16	 3.29056e-10
32	17	 3.38868e-10
32	18	 3.47356e-10
32	19	 3.54486e-10
32	20	 3.60274e-10
32	21	 3.64643e-10
32	22	 3.67599e-10
32	23	 3.69134e-10
32	24	 3.69241e-10
32	25	 3.67912e-10
32	26	 3.65169e-10
32	27	 3.61009e-10
32	28	 3.55428e-10
32	29	 3.48496e-10
32	30	 3.40194e-10
32	31	 3.30584e-10
32	32	 3.19694e-10
32	33	 3.07558e-10
32	34	 2.94232e-10
32	35	 2.79766e-10
32	36	 2.64226e-10
32	37	  2.4766e-10
32	38	 2.30123e-10
32	39	 2.11685e-10
32	40	  1.9244e-10

33	0	 3.37614e-11
33	1	 5.40181e-11
33	2	 7.40688e-11
33	3	 9.38325e-11
33	4	 1.13221e-10
33	5	 1.32186e-10
33	6	 1.50632e-10
33	7	 1.68502e-10
33	8	 1.85704e-10
33	9	 2.02188e-10
33	10	 2.17899e-10
33	11	  2.3277e-10
33	12	 2.46725e-10
33	13	 2.59721e-10
33	14	 2.71722e-10
33	15	 2.82654e-10
33	16	 2.92506e-10
33	17	 3.01227e-10
33	18	  3.0877e-10
33	19	 3.15129e-10
33	20	 3.20263e-10
33	21	 3.24146e-10
33	22	 3.26771e-10
33	23	 3.28132e-10
33	24	 3.28239e-10
33	25	 3.27056e-10
33	26	 3.24622e-10
33	27	 3.20902e-10
33	28	 3.15964e-10
33	29	 3.09793e-10
33	30	 3.02403e-10
33	31	 2.93859e-10
33	32	 2.84199e-10
33	33	 2.73388e-10
33	34	 2.61561e-10
33	35	 2.48694e-10
33	36	 2.34873e-10
33	37	 2.20147e-10
33	38	 2.04555e-10
33	39	 1.88184e-10
33	40	 1.71076e-10

34	0	 2.93356e-11
34	1	 4.69367e-11
34	2	 6.43556e-11
34	3	 8.15277e-11
34	4	 9.83782e-11
34	5	 1.14852e-10
34	6	 1.30893e-10
34	7	 1.46407e-10
34	8	 1.61354e-10
34	9	 1.75682e-10
34	10	 1.89324e-10
34	11	 2.02238e-10
34	12	 2.14357e-10
34	13	 2.25668e-10
34	14	 2.36092e-10
34	15	 2.45592e-10
34	16	  2.5414e-10
34	17	 2.61704e-10
34	18	  2.6829e-10
34	19	 2.73804e-10
34	20	 2.78266e-10
34	21	 2.81645e-10
34	22	 2.83922e-10
34	23	 2.85134e-10
34	24	 2.85198e-10
34	25	 2.84182e-10
34	26	 2.82046e-10
34	27	 2.78828e-10
34	28	 2.74529e-10
34	29	 2.69161e-10
34	30	 2.62762e-10
34	31	 2.55337e-10
34	32	 2.46917e-10
34	33	 2.37556e-10
34	34	 2.27264e-10
34	35	 2.16097e-10
34	36	 2.04079e-10
34	37	 1.91289e-10
34	38	 1.77746e-10
34	39	  1.6351e-10
34	40	 1.48646e-10

35	0	 2.47269e-11
35	1	  3.9563e-11
35	2	 5.42446e-11
35	3	 6.87255e-11
35	4	 8.29381e-11
35	5	 9.68114e-11
35	6	 1.10326e-10
35	7	 1.23404e-10
35	8	 1.36016e-10
35	9	 1.48084e-10
35	10	 1.59591e-10
35	11	 1.70466e-10
35	12	 1.80702e-10
35	13	 1.90216e-10
35	14	 1.99012e-10
35	15	 2.07024e-10
35	16	 2.14232e-10
35	17	 2.20613e-10
35	18	 2.26148e-10
35	19	 2.30802e-10
35	20	 2.34554e-10
35	21	 2.37396e-10
35	22	 2.39339e-10
35	23	 2.40341e-10
35	24	 2.40398e-10
35	25	 2.39545e-10
35	26	 2.37751e-10
35	27	 2.35037e-10
35	28	 2.31417e-10
35	29	 2.26894e-10
35	30	  2.2149e-10
35	31	 2.15227e-10
35	32	 2.08146e-10
35	33	 2.00238e-10
35	34	 1.91562e-10
35	35	 1.82151e-10
35	36	 1.72022e-10
35	37	 1.61226e-10
35	38	 1.49825e-10
35	39	  1.3782e-10
35	40	  1.2529e-10

36	0	 1.99654e-11
36	1	  3.1946e-11
36	2	 4.38014e-11
36	3	 5.54916e-11
36	4	 6.69651e-11
36	5	  7.8181e-11
36	6	 8.90914e-11
36	7	 9.96536e-11
36	8	 1.09821e-10
36	9	 1.19581e-10
36	10	 1.28871e-10
36	11	 1.37661e-10
36	12	  1.4591e-10
36	13	 1.53598e-10
36	14	 1.60693e-10
36	15	 1.67169e-10
36	16	 1.72989e-10
36	17	 1.78158e-10
36	18	 1.82613e-10
36	19	 1.86368e-10
36	20	 1.89409e-10
36	21	 1.91704e-10
36	22	 1.93264e-10
36	23	 1.94063e-10
36	24	 1.94124e-10
36	25	 1.93435e-10
36	26	 1.91992e-10
36	27	 1.89782e-10
36	28	 1.86859e-10
36	29	  1.8321e-10
36	30	 1.78861e-10
36	31	 1.73802e-10
36	32	 1.68075e-10
36	33	 1.61698e-10
36	34	 1.54685e-10
36	35	 1.47107e-10
36	36	 1.38922e-10
36	37	 1.30189e-10
36	38	 1.20977e-10
36	39	 1.11299e-10
36	40	 1.01178e-10

37	0	 1.50822e-11
37	1	 2.41318e-11
37	2	   3.309e-11
37	3	  4.1922e-11
37	4	 5.05942e-11
37	5	 5.90568e-11
37	6	 6.72919e-11
37	7	 7.52785e-11
37	8	 8.29736e-11
37	9	 9.03277e-11
37	10	 9.73515e-11
37	11	 1.03999e-10
37	12	  1.1023e-10
37	13	 1.16025e-10
37	14	   1.214e-10
37	15	 1.26292e-10
37	16	 1.30683e-10
37	17	 1.34587e-10
37	18	 1.37952e-10
37	19	 1.40787e-10
37	20	 1.43089e-10
37	21	 1.44826e-10
37	22	 1.46006e-10
37	23	  1.4662e-10
37	24	 1.46645e-10
37	25	 1.46123e-10
37	26	 1.45043e-10
37	27	 1.43384e-10
37	28	 1.41167e-10
37	29	  1.3841e-10
37	30	 1.35113e-10
37	31	 1.31291e-10
37	32	 1.26974e-10
37	33	 1.22149e-10
37	34	 1.16849e-10
37	35	 1.11122e-10
37	36	 1.04944e-10
37	37	 9.83533e-11
37	38	 9.13936e-11
37	39	 8.40785e-11
37	40	 7.64331e-11

38	0	 1.01075e-11
38	1	 1.61702e-11
38	2	 2.21725e-11
38	3	 2.80842e-11
38	4	 3.38893e-11
38	5	 3.95772e-11
38	6	 4.51053e-11
38	7	 5.04414e-11
38	8	    5.56e-11
38	9	 6.05382e-11
38	10	 6.52385e-11
38	11	 6.96758e-11
38	12	 7.38716e-11
38	13	 7.77618e-11
38	14	 8.13571e-11
38	15	 8.46256e-11
38	16	 8.75744e-11
38	17	 9.01821e-11
38	18	 9.24381e-11
38	19	 9.43601e-11
38	20	 9.58842e-11
38	21	 9.70495e-11
38	22	 9.78488e-11
38	23	 9.82538e-11
38	24	 9.82645e-11
38	25	 9.79057e-11
38	26	 9.71916e-11
38	27	 9.60725e-11
38	28	 9.45946e-11
38	29	 9.27507e-11
38	30	  9.0548e-11
38	31	 8.79865e-11
38	32	  8.5091e-11
38	33	 8.18545e-11
38	34	 7.83018e-11
38	35	 7.44578e-11
38	36	 7.03118e-11
38	37	 6.59099e-11
38	38	 6.12523e-11
38	39	 5.63354e-11
38	40	 5.12159e-11

39	0	 5.06795e-12
39	1	 8.11085e-12
39	2	 1.11164e-11
39	3	 1.40901e-11
39	4	 1.69926e-11
39	5	 1.98419e-11
39	6	 2.26308e-11
39	7	 2.52953e-11
39	8	 2.78995e-11
39	9	 3.03508e-11
39	10	 3.27134e-11
39	11	 3.49516e-11
39	12	 3.70477e-11
39	13	 3.89875e-11
39	14	 4.07923e-11
39	15	 4.24336e-11
39	16	 4.39293e-11
39	17	 4.52438e-11
39	18	 4.63629e-11
39	19	 4.73186e-11
39	20	 4.80824e-11
39	21	 4.86722e-11
39	22	 4.90736e-11
39	23	 4.92797e-11
39	24	 4.92903e-11
39	25	 4.91056e-11
39	26	 4.87574e-11
39	27	 4.81926e-11
39	28	 4.74429e-11
39	29	 4.65299e-11
39	30	 4.54214e-11
39	31	  4.4114e-11
39	32	 4.26681e-11
39	33	 4.10481e-11
39	34	 3.92717e-11
39	35	 3.73461e-11
39	36	 3.52642e-11
39	37	 3.30687e-11
39	38	 3.07203e-11
39	39	 2.82512e-11
39	40	 2.56861e-11

40	0	           0
40	1	           0
40	2	           0
40	3	           0
40	4	           0
40	5	           0
40	6	           0
40	7	           0
40	8	           0
40	9	           0
40	10	           0
40	11	           0
40	12	           0
40	13	           0
40	14	           0
40	15	           0
40	16	           0
40	17	           0
40	18	           0
40	19	           0
40	20	           0
40	21	           0
40	22	           0
40	23	           0
40	24	           0
40	25	           0
40	26	           0
40	27	           0
40	28	           0
40	29	           0
40	30	           0
40	31	           0
40	32	           0
40	33	           0
40	34	           0
40	35	           0
40	36	           0
40	37	           0
40	38	           0
40	39	           0
40	40	           0

